25 25 25 25 25 25 25 25 25 25 25 25 25 25 25 25 25 25 25 25 25 25 25 25 25 25 25 25 25 25 25 25 25 25 25 25 25 25 25 25 25 25 25 25 25 25 25 25 25 25 25 25 25 25 25 25 25 25 25 25 25 25 25 25 25 25 25 25 25 25 25 25 25 25 25 25 25 25 25 25 25 25 25 25 25 25 25 25 25 25 25 25 25 25 25 25 25 25 25 25 25 25 25 25 25 25 25 25 25 25 25 25
25 25 25 25 25 25 25 25 25 25 25 25 25 25 25 25 25 25 25 25 25 25 25 25 25 25 25 25 25 25 25 25 25 25 25 25 25 25 25 25 25 25 25 25 25 25 25 25 25 25 25 25 25 25 25 25 25 25 25 25 25 25 25 25 25 25 25 25 25 25 25 25 25 25 25 25 25 25 25 25 25 25 25 25 25 25 25 25 25 25 25 25 25 25 25 25 25 25 25 25 25 25 25 25 25 25 25 25 25 25 25 25
25 25 25 25 25 25 25 25 25 25 25 25 25 25 25 25 25 25 25 25 25 25 25 25 25 25 25 25 25 25 25 25 25 25 25 25 25 25 25 25 25 25 25 25 25 25 25 25 25 25 25 25 25 25 25 25 25 25 25 25 25 25 25 25 25 25 25 25 25 25 25 25 25 25 25 25 25 25 25 25 25 25 25 25 25 25 25 25 25 25 25 25 25 25 25 25 25 25 25 25 25 25 25 25 25 25 25 25 25 25 25 25
25 25 25 25 25 25 25 25 25 25 25 25 25 25 25 25 25 25 25 25 25 25 25 25 25 25 25 25 25 25 25 25 25 25 25 25 25 25 25 25 25 25 25 25 25 25 25 25 25 25 25 25 25 25 25 25 25 25 25 25 25 25 25 25 25 25 25 25 25 25 25 25 25 25 25 25 25 25 25 25 25 25 25 25 25 25 25 25 25 25 25 25 25 25 25 25 25 25 25 25 25 25 25 25 25 25 25 25 25 25 25 25
25 25 25 25 25 25 25 25 25 25 25 25 25 25 25 25 25 25 25 25 25 25 25 25 25 25 25 25 25 25 25 25 25 25 25 25 25 25 25 25 25 25 25 25 25 25 25 25 25 25 25 25 25 25 25 25 25 25 25 25 25 25 25 25 25 25 25 25 25 25 25 25 25 25 25 25 25 25 25 25 25 25 25 25 25 25 25 25 25 25 25 25 25 25 25 25 25 25 25 25 25 25 25 25 25 25 25 25 25 25 25 25
25 25 25 25 25 25 25 25 25 25 25 25 25 25 25 25 25 25 25 25 25 25 25 25 25 25 25 25 25 25 25 25 25 25 25 25 25 25 25 25 25 25 25 25 25 25 25 25 25 25 25 25 25 25 25 25 25 25 25 25 25 25 25 25 25 25 25 25 25 25 25 25 25 25 25 25 25 25 25 25 25 25 25 25 25 25 25 25 25 25 25 25 25 25 25 25 25 25 25 25 25 25 25 25 25 25 25 25 25 25 25 25
25 25 25 25 25 25 25 25 18 18 18 18 18 18 18 18 18 18 18 18 18 18 18 18 18 18 18 18 18 18 18 18 18 18 18 18 18 18 18 18 18 18 18 18 18 18 18 18 18 18 18 18 18 18 18 18 18 18 18 18 18 18 18 18 18 18 18 18 18 18 18 18 18 18 18 18 18 18 18 18 18 18 18 18 18 18 18 18 18 18 18 18 18 18 18 18 18 25 25 19 19 19 19 19 25 25 25 25 25 25 25 25
25 25 25 25 25 25 25 25 18 18 18 18 18 18 18 18 18 18 18 18 18 18 18 18 18 18 18 18 18 18 18 18 18 18 18 18 18 18 18 18 18 18 18 18 18 18 18 18 18 18 18 18 18 18 18 18 18 18 18 18 18 18 18 18 18 18 18 18 18 18 18 18 18 18 18 18 18 18 18 18 18 18 18 18 18 18 18 18 18 18 18 18 18 18 18 18 18 25 25 19 19 19 19 19 25 25 25 25 25 25 25 25
25 25 25 25 25 25 25 25 18 18 18 18 18 18 18 18 18 18 18 18 18 18 18 18 18 18 18 18 18 18 18 18 18 18 18 18 18 18 18 18 18 18 18 18 18 18 18 25 25 25 25 25 25 25 25 25 25 25 18 18 18 18 18 18 18 18 18 18 18 18 18 18 18 18 18 18 18 18 18 18 18 18 18 18 18 18 18 18 18 18 18 18 18 18 18 18 25 25 25 19 19 19 19 19 25 25 25 25 25 25 25 25
25 25 25 25 25 25 25 25 18 18 18 18 18 18 18 18 18 18 18 18 18 18 18 18 18 18 18 18 18 18 18 18 18 18 18 18 18 18 18 18 18 18 18 18 18 18 25 25 25 25 25 25 25 25 25 25 25 25 25 18 18 18 18 18 18 18 18 18 18 18 18 18 18 18 18 18 18 18 18 25 25 25 25 25 25 25 25 25 25 25 25 25 25 25 25 25 25 25 19 19 19 19 19 19 25 25 25 25 25 25 25 25
25 25 25 25 25 25 25 25 18 18 18 18 18 18 18 18 18 18 18 18 18 18 18 18 18 18 18 18 18 18 18 18 18 18 18 18 18 18 18 18 18 18 18 18 18 25 25 25 19 19 19 19 19 19 19 19 19 25 25 25 18 18 18 18 18 18 18 18 18 18 18 18 18 18 18 18 18 18 18 25 25 25 25 25 25 25 25 25 25 25 25 25 25 25 25 25 25 19 19 19 19 19 19 19 25 25 25 25 25 25 25 25
25 25 25 25 25 25 25 25 18 18 18 18 18 18 18 18 18 18 18 18 18 18 18 18 18 18 18 18 18 18 18 18 18 18 18 18 18 18 18 18 18 18 18 18 18 25 25 19 19 19 19 19 19 19 19 19 19 19 25 25 25 18 18 18 18 18 18 18 18 18 18 18 18 18 18 18 18 18 18 25 25 17 17 17 17 17 17 17 17 17 17 17 17 17 17 17 17 19 19 19 19 19 19 19 25 25 25 25 25 25 25 25
25 25 25 25 25 25 25 25 18 18 18 18 18 18 18 18 18 18 18 18 18 18 18 18 18 18 18 18 18 18 18 18 18 18 18 18 18 18 18 18 18 18 18 18 25 25 19 19 24 24 19 19 19 19 19 19 19 19 19 25 25 18 18 18 18 18 18 18 18 18 18 18 18 18 18 18 18 18 18 25 25 17 17 18 17 17 17 17 17 17 17 17 17 17 17 17 17 19 19 19 19 19 19 19 25 25 25 25 25 25 25 25
25 25 25 25 25 25 25 25 18 18 18 18 18 18 18 18 18 18 18 18 18 18 18 18 18 18 18 18 18 18 18 18 18 18 18 18 18 18 18 18 18 18 18 18 25 25 19 19 24 24 19 19 19 19 19 19 19 19 19 25 25 18 18 18 18 18 18 18 18 18 18 18 18 18 18 18 18 18 18 25 25 17 17 25 25 25 25 25 25 25 25 25 25 25 25 25 25 19 19 19 19 19 19 19 25 25 25 25 25 25 25 25
25 25 25 25 25 25 25 25 18 18 18 18 18 18 18 18 18 18 18 18 18 18 18 18 18 18 18 18 18 18 18 18 18 18 18 18 18 18 18 18 18 18 18 18 25 25 19 19 19 19 19 19 19 19 24 24 24 19 19 25 25 18 18 18 18 18 18 18 18 18 18 18 18 18 18 18 18 18 18 25 25 17 17 25 25 25 25 25 25 25 25 25 25 25 25 25 25 25 19 19 19 19 19 19 25 25 25 25 25 25 25 25
25 25 25 25 25 25 25 25 18 18 18 18 18 18 18 18 18 18 18 18 18 18 18 18 18 18 18 18 18 18 18 18 18 18 18 18 18 18 18 18 18 18 18 18 25 25 19 19 19 19 19 19 19 19 24 24 24 19 19 25 25 18 18 18 18 18 18 18 18 18 18 18 18 18 18 18 18 18 18 25 25 17 17 25 25 18 18 18 18 18 18 18 18 18 18 18 25 25 25 19 19 19 19 19 25 25 25 25 25 25 25 25
25 25 25 25 25 25 25 25 18 18 18 18 18 18 18 18 18 18 25 25 25 25 25 25 25 25 25 25 25 25 25 25 25 25 25 25 18 18 18 18 18 18 18 18 25 25 19 19 19 19 19 19 19 19 24 24 24 19 19 25 25 18 18 18 18 18 18 18 18 18 18 18 18 18 18 18 18 18 18 25 25 17 17 25 25 18 18 18 18 18 18 18 18 18 18 18 18 25 25 25 25 25 25 25 25 25 25 25 25 25 25 25
25 25 25 25 25 25 25 25 18 18 18 18 18 18 18 18 18 18 25 25 25 25 25 25 25 25 25 25 25 25 25 25 25 25 25 25 18 18 18 18 18 18 18 18 25 25 19 19 19 19 19 19 19 19 19 19 19 19 19 25 25 18 18 18 18 18 18 18 18 18 18 18 18 18 18 18 18 18 18 25 25 17 17 25 25 18 18 18 18 18 18 18 18 18 18 18 18 18 25 25 25 25 25 25 25 25 25 25 25 25 25 25
25 25 25 25 25 25 25 25 18 18 18 18 18 18 18 18 18 18 25 25 18 18 22 20 22 18 18 18 18 18 20 18 18 22 25 25 18 18 18 18 18 18 18 18 25 25 19 19 19 19 19 19 19 19 19 19 19 19 19 25 25 18 18 18 18 18 18 18 18 18 18 25 25 25 25 25 25 25 25 25 25 17 17 25 25 25 25 25 25 25 18 18 18 18 18 18 18 18 18 18 18 18 18 18 25 25 25 25 25 25 25 25
25 25 25 25 25 25 25 25 25 25 25 25 25 25 25 25 25 25 25 25 18 22 18 22 18 18 18 18 18 18 18 18 22 18 25 25 18 18 18 18 18 18 18 18 25 25 19 19 19 19 19 19 19 19 19 19 19 19 19 25 25 18 18 18 18 18 18 18 18 18 25 25 25 25 25 25 25 25 25 25 25 17 17 25 25 25 25 25 25 25 18 18 18 18 18 18 18 18 18 18 18 18 18 18 25 25 25 25 25 25 25 25
25 25 25 25 25 25 25 25 25 25 25 25 25 25 25 25 25 25 25 25 18 18 18 18 20 22 17 17 17 22 18 22 18 20 25 25 18 18 18 18 18 18 18 18 25 25 17 17 17 17 17 17 17 17 17 17 17 17 17 25 25 18 18 18 18 18 18 18 18 18 25 25 17 17 17 17 17 17 17 17 17 17 17 17 17 17 17 17 25 25 25 25 18 18 18 18 18 18 18 18 18 18 18 18 25 25 25 25 25 25 25 25
25 25 25 25 25 25 25 26 17 17 17 17 17 17 17 17 17 17 17 17 17 17 17 17 17 17 22 17 22 20 18 18 22 18 25 25 18 18 18 18 18 18 18 18 25 25 17 17 17 17 17 17 17 17 17 17 17 17 17 25 25 18 18 18 18 18 18 18 18 18 25 25 17 17 17 17 17 17 17 17 17 17 17 17 17 17 17 17 25 25 25 25 18 18 18 18 18 18 18 18 18 18 18 18 25 25 25 25 25 25 25 25
25 25 25 25 25 25 25 26 17 17 17 17 17 17 17 17 17 17 17 17 17 17 17 17 17 17 20 22 17 22 18 20 18 18 25 25 18 18 18 18 18 18 18 18 25 25 25 25 17 17 17 17 17 17 17 17 17 17 25 25 25 18 18 18 18 18 18 18 18 18 25 25 25 25 17 17 17 17 17 17 17 17 17 17 17 17 17 17 17 17 25 25 18 18 18 18 18 18 18 18 18 18 18 18 25 25 25 25 25 25 25 25
25 25 25 25 25 25 25 25 25 25 25 25 25 25 25 25 25 25 25 25 18 22 18 18 17 17 22 17 17 22 18 18 18 22 25 25 18 18 18 18 18 18 18 18 18 18 18 25 17 17 17 17 17 17 17 17 17 17 25 25 18 18 18 18 18 18 18 18 18 18 18 18 25 25 17 17 17 17 17 17 17 17 17 17 17 17 17 17 17 17 25 25 18 18 18 18 18 18 18 18 18 18 18 18 25 25 25 25 25 25 25 25
25 25 25 25 25 25 25 25 25 25 25 25 25 25 25 25 25 25 25 25 18 20 22 18 17 17 17 17 17 22 18 20 18 18 25 25 18 18 18 18 18 18 18 18 18 18 18 25 25 25 17 17 17 17 17 17 25 25 25 25 18 18 18 18 18 18 18 18 18 18 18 18 25 25 17 17 17 17 17 17 17 17 17 17 17 17 17 17 17 17 25 25 18 18 18 18 18 18 18 18 18 18 18 18 25 25 25 25 25 25 25 25
25 25 25 25 25 25 25 25 18 18 18 18 18 18 18 18 18 18 25 25 18 18 18 18 22 17 17 17 25 20 18 18 22 18 25 25 18 18 18 18 18 18 18 18 18 18 18 18 18 25 17 17 17 17 17 17 25 25 18 18 18 18 18 18 18 18 18 18 18 18 18 18 25 25 17 17 17 17 17 17 17 17 17 17 17 17 17 17 17 17 25 25 18 18 18 18 18 18 18 18 18 18 18 18 25 25 25 25 25 25 25 25
25 25 25 25 25 25 25 25 18 18 18 18 18 18 18 18 18 18 25 25 22 18 18 18 17 17 17 17 17 22 18 22 18 18 25 25 18 18 18 18 18 18 18 18 18 18 18 18 18 25 25 25 17 17 25 25 25 18 18 18 18 18 18 18 18 18 18 18 18 18 18 18 25 25 17 17 17 17 17 17 17 17 17 17 17 17 17 17 17 17 25 25 18 18 18 18 18 18 18 18 18 18 18 18 25 25 25 25 25 25 25 25
25 25 25 25 25 25 25 25 18 18 18 18 18 18 18 18 18 18 25 25 18 18 18 18 17 22 17 17 22 17 18 18 18 18 25 25 18 18 18 18 18 18 18 18 18 18 18 18 18 18 25 25 17 17 25 25 18 18 18 18 18 18 18 18 18 18 18 18 18 18 18 18 25 25 17 17 17 17 17 17 17 17 17 17 17 17 17 17 17 17 25 25 18 18 18 18 18 18 18 18 18 18 18 18 25 25 25 25 25 25 25 25
25 25 25 25 25 25 25 25 18 18 18 18 18 18 18 18 18 18 25 25 18 22 18 18 18 18 17 17 18 18 18 20 22 18 25 25 18 18 18 18 18 18 18 18 18 18 18 18 18 18 25 25 17 17 25 25 18 18 18 18 18 18 18 18 18 18 18 18 18 18 18 18 25 25 17 17 17 17 17 17 17 17 17 17 17 17 17 17 17 17 25 25 18 18 18 18 18 18 18 18 18 18 18 18 25 25 25 25 25 25 25 25
25 25 25 25 25 25 25 25 18 18 18 18 18 18 18 18 18 18 25 25 18 18 20 18 18 18 17 17 18 22 18 18 18 18 25 25 18 18 18 18 18 18 18 18 18 18 18 18 18 18 25 25 17 17 25 25 18 18 18 18 18 18 18 18 18 18 18 18 18 18 18 18 25 25 17 17 17 17 17 17 17 17 17 17 17 17 17 17 17 17 25 25 18 18 18 18 18 18 18 18 18 18 18 18 25 25 25 25 25 25 25 25
25 25 25 25 25 25 25 25 18 18 18 18 18 18 18 18 18 18 25 25 25 25 25 25 25 25 17 17 25 25 25 25 25 25 25 25 18 18 18 18 18 18 18 18 18 18 18 18 18 18 25 25 17 17 25 25 18 18 18 18 18 18 18 18 18 18 18 18 18 18 18 18 25 25 25 25 17 17 17 17 17 17 17 17 17 17 17 17 25 25 25 25 18 18 18 18 18 18 18 18 18 18 18 18 25 25 25 25 25 25 25 25
25 25 25 25 25 25 25 25 18 18 18 18 18 18 18 18 18 18 25 25 25 25 25 25 25 25 17 17 25 25 25 25 25 25 25 25 18 18 18 18 18 18 18 18 18 18 18 18 18 18 25 25 17 17 25 25 18 18 18 18 18 18 18 18 18 18 18 18 18 18 18 18 18 18 25 25 17 17 17 17 17 17 17 17 17 17 17 17 25 25 18 18 18 18 18 18 18 18 18 18 18 18 18 18 25 25 25 25 25 25 25 25
25 25 25 25 25 25 25 25 18 18 18 18 18 18 18 18 18 18 18 18 18 18 18 18 25 25 17 17 25 25 18 18 18 18 18 18 18 18 18 18 18 18 18 18 18 18 18 18 18 18 25 25 17 17 25 25 18 18 18 18 18 18 18 18 18 18 18 18 18 18 18 18 18 18 25 25 25 25 25 25 25 25 17 17 25 25 25 25 25 18 18 18 18 18 18 18 18 18 18 18 18 18 18 18 25 25 25 25 25 25 25 25
25 25 25 25 25 25 25 25 18 18 18 18 18 18 18 18 18 18 18 18 18 18 18 18 25 25 17 17 25 25 18 18 18 18 18 18 18 18 18 18 18 18 18 18 18 18 18 18 18 18 25 25 17 17 25 25 18 18 18 18 18 18 18 18 18 18 18 18 18 18 18 18 18 18 18 25 25 25 25 25 25 25 17 17 25 25 25 25 18 18 18 18 18 18 18 18 18 18 18 18 18 18 18 18 25 25 25 25 25 25 25 25
25 25 25 25 25 25 25 25 18 18 18 18 18 18 18 18 18 18 18 18 18 18 18 18 25 25 17 17 25 25 18 18 18 18 18 18 18 18 18 18 18 18 18 18 18 18 18 18 18 18 25 25 17 17 25 25 18 18 18 18 18 18 18 18 18 18 18 18 18 18 18 18 18 18 18 18 18 18 18 18 25 25 17 17 25 25 18 18 18 18 18 18 18 18 18 18 18 18 18 18 18 18 18 18 25 25 25 25 25 25 25 25
25 25 25 25 25 25 25 25 18 18 18 18 18 18 18 18 18 18 18 18 18 18 18 18 25 25 17 17 25 25 18 18 18 18 18 18 18 18 18 18 18 18 18 18 18 18 18 18 18 18 25 25 17 17 25 25 18 18 18 18 18 18 18 18 18 18 18 18 18 18 18 18 18 18 18 18 18 18 18 18 25 25 17 17 25 25 18 18 18 18 18 18 18 18 18 18 18 18 18 18 18 18 18 18 25 25 25 25 25 25 25 25
25 25 25 25 25 25 25 25 18 18 18 18 18 18 18 18 18 18 18 18 25 25 25 25 25 25 17 17 25 25 18 18 18 18 18 18 18 18 18 18 18 18 18 18 18 18 18 18 18 18 25 25 17 17 25 25 18 18 18 18 18 18 18 18 18 18 18 18 18 18 18 18 18 18 18 18 18 18 18 18 25 25 17 17 25 25 18 18 18 18 18 18 18 18 18 18 18 18 18 18 18 18 18 18 25 25 25 25 25 25 25 25
25 25 25 25 25 25 25 25 18 18 18 18 18 18 18 18 18 18 18 18 25 25 25 25 25 25 17 17 25 25 18 18 18 18 18 18 18 18 18 18 18 18 18 18 18 18 18 18 18 18 25 25 17 17 25 25 18 18 18 18 18 18 18 18 18 18 18 18 18 18 18 18 18 18 18 18 18 18 18 18 25 25 17 17 25 25 18 18 18 18 18 18 18 18 18 18 18 18 18 18 18 18 18 18 25 25 25 25 25 25 25 25
25 25 25 25 25 25 25 25 18 18 18 18 18 18 18 18 18 18 18 18 25 25 17 17 17 17 17 17 25 25 18 18 18 18 18 18 18 18 18 18 18 18 18 18 18 18 18 18 18 18 25 25 17 17 25 25 18 18 18 18 18 18 18 18 18 18 18 18 18 18 18 18 18 18 18 18 18 18 18 18 25 25 17 17 25 25 18 18 18 18 18 18 18 18 18 18 18 18 18 18 18 18 18 18 25 25 25 25 25 25 25 25
25 25 25 25 25 25 25 25 18 18 18 18 18 18 18 18 18 18 18 18 25 25 17 17 17 17 17 17 25 25 18 18 18 18 18 18 18 18 18 18 18 18 18 18 18 18 18 18 18 18 25 25 17 17 25 25 18 18 18 18 18 18 18 18 18 18 18 18 18 18 18 18 18 18 18 18 18 18 18 18 25 25 17 17 25 25 18 18 18 18 18 18 18 18 18 18 18 18 18 18 18 18 18 18 25 25 25 25 25 25 25 25
25 25 25 25 25 25 25 25 18 18 18 18 18 18 18 18 18 18 18 18 25 25 17 17 25 25 25 25 25 25 18 18 18 18 18 18 18 18 18 18 18 18 18 18 18 18 18 18 18 18 25 25 17 17 25 25 18 18 18 18 18 18 18 18 18 18 18 18 18 18 18 18 18 18 18 18 18 25 25 25 25 25 17 17 25 25 18 18 18 18 18 18 18 18 18 18 18 18 18 18 18 18 18 18 25 25 25 25 25 25 25 25
25 25 25 25 25 25 25 25 18 18 18 18 18 18 18 18 18 18 18 18 25 25 17 17 25 25 25 25 25 25 18 18 18 18 18 18 18 18 18 18 18 18 18 18 18 18 18 18 25 25 25 25 17 17 25 25 25 25 18 18 18 18 18 18 18 18 18 18 18 18 18 18 18 18 18 18 25 25 25 25 25 25 17 17 25 25 18 18 18 18 18 18 18 18 18 18 18 18 18 18 18 18 18 18 25 25 25 25 25 25 25 25
25 25 25 25 25 25 25 25 18 18 18 18 18 18 18 18 18 18 18 18 25 25 17 17 25 25 18 18 18 18 18 18 18 18 18 18 18 18 18 18 18 18 18 18 18 18 18 18 25 25 17 17 17 17 17 17 25 25 18 18 18 18 18 18 18 18 18 18 18 18 18 18 18 18 18 18 25 25 17 17 17 17 17 17 25 25 18 18 18 18 18 18 18 18 18 18 18 18 18 18 18 18 18 18 25 25 25 25 25 25 25 25
25 25 25 25 25 25 25 25 18 18 18 18 18 18 18 18 18 18 18 18 25 25 17 17 25 25 18 18 18 18 18 18 18 18 18 18 18 18 18 18 18 18 18 18 18 18 25 25 25 25 17 17 17 17 17 17 25 25 25 25 18 18 18 18 18 18 18 18 18 18 18 18 18 18 18 18 25 25 17 17 17 17 17 17 25 25 18 18 18 18 18 18 18 18 18 18 18 18 18 18 18 18 18 18 25 25 25 25 25 25 25 25
25 25 25 25 25 25 25 25 18 18 18 18 18 18 18 18 18 18 18 18 25 25 17 17 25 25 18 18 18 18 18 18 18 18 18 18 18 18 18 18 18 18 18 18 18 18 25 25 17 17 17 17 17 17 17 17 17 17 25 25 18 18 18 18 18 18 18 18 18 18 18 18 18 18 18 18 25 25 17 17 25 25 25 25 25 25 18 18 18 18 18 18 18 18 18 18 18 18 18 18 18 18 18 18 25 25 25 25 25 25 25 25
25 25 25 25 25 25 25 25 18 18 18 18 18 18 18 18 18 18 18 18 25 25 17 17 25 25 18 18 25 25 25 25 25 25 25 25 25 25 25 25 25 25 25 25 25 25 25 25 17 17 17 17 23 23 17 17 17 17 25 25 25 25 18 18 18 18 18 18 18 18 18 18 18 18 25 25 25 25 17 17 25 25 25 25 25 25 18 18 18 18 18 18 18 18 18 18 18 18 18 18 18 18 18 18 25 25 25 25 25 25 25 25
25 25 25 25 25 25 25 25 18 18 18 18 18 18 18 18 18 18 18 18 25 25 17 17 25 25 18 18 25 25 25 25 25 25 25 25 25 25 25 25 25 25 25 25 25 25 17 17 17 17 17 23 23 23 23 17 17 17 17 17 25 25 25 18 18 18 18 18 18 18 18 18 18 25 25 25 17 17 17 17 25 25 18 18 18 18 18 18 18 18 18 18 18 18 18 18 18 18 18 18 18 18 18 18 25 25 25 25 25 25 25 25
25 25 25 25 25 25 25 25 18 18 18 18 18 18 18 18 18 18 18 18 25 25 17 17 25 25 18 18 25 25 17 17 17 17 17 17 17 17 17 17 17 17 17 17 17 17 17 17 17 17 23 23 23 23 23 23 17 17 17 17 17 25 25 18 18 18 18 18 18 18 18 18 18 25 25 17 17 17 17 17 25 25 18 18 18 18 18 18 18 18 18 18 18 18 18 18 18 18 18 18 18 18 18 18 25 25 25 25 25 25 25 25
25 25 25 25 25 25 25 25 18 18 18 18 18 18 18 18 18 18 18 18 25 25 17 17 25 25 18 18 25 25 17 17 17 17 17 17 17 17 17 17 17 17 17 17 17 17 17 17 17 23 23 23 23 23 23 23 23 17 17 17 17 25 25 18 18 18 18 18 18 18 18 18 18 25 25 17 17 17 17 17 25 25 18 18 18 18 18 18 18 18 18 18 18 18 18 18 18 18 18 18 18 18 18 18 25 25 25 25 25 25 25 25
25 25 25 25 25 25 25 25 18 18 18 18 18 18 18 18 18 18 18 18 25 25 17 17 25 25 18 18 25 25 17 17 17 17 17 17 17 17 17 17 17 17 17 17 17 17 17 17 17 23 23 23 23 23 23 23 23 17 17 17 17 25 25 18 18 18 18 18 18 18 18 18 18 25 25 17 17 17 17 17 25 25 18 18 18 18 18 18 18 18 18 18 18 18 18 18 18 18 18 18 18 18 18 18 25 25 25 25 25 25 25 25
25 25 25 25 25 25 25 25 18 18 18 18 18 18 18 18 18 18 18 18 25 25 17 17 25 25 18 18 25 25 17 17 17 17 17 17 17 17 17 17 17 17 17 17 17 17 17 17 17 17 23 23 23 23 23 23 17 17 17 17 17 25 25 18 18 18 18 18 18 18 18 18 18 25 25 17 25 25 17 17 25 25 18 18 18 18 18 18 18 18 18 18 18 18 18 18 18 18 18 18 18 18 18 18 25 25 25 25 25 25 25 25
25 25 25 25 25 25 25 25 18 18 18 18 18 18 18 18 18 18 18 18 25 25 17 17 25 25 18 18 25 25 17 17 25 25 25 25 25 25 25 25 25 25 25 25 25 25 17 17 17 17 17 23 23 23 23 17 17 17 17 17 25 25 18 18 18 18 18 18 18 18 18 18 18 25 25 25 25 25 17 17 25 25 18 18 18 18 18 18 18 18 18 18 18 18 18 18 18 18 18 18 18 18 18 18 25 25 25 25 25 25 25 25
25 25 25 25 25 25 25 25 18 18 18 18 18 18 18 18 18 18 18 18 25 25 17 17 25 25 18 18 25 25 17 17 25 25 25 25 25 25 25 25 25 25 25 25 25 25 25 25 17 17 17 17 23 23 17 17 17 17 25 25 25 18 18 18 18 18 18 18 18 18 18 18 18 18 18 18 25 25 17 17 25 25 18 18 18 18 18 18 18 18 18 18 18 18 18 18 18 18 18 18 18 18 18 18 25 25 25 25 25 25 25 25
25 25 25 25 25 25 25 25 18 18 18 18 18 18 18 18 18 18 18 18 25 25 17 17 25 25 18 18 25 25 17 17 25 25 18 18 18 18 18 18 18 18 18 18 18 18 25 25 17 17 17 17 17 17 17 17 17 17 25 25 18 18 18 18 18 18 18 18 18 18 18 18 18 18 18 18 25 25 17 17 25 25 18 18 18 18 18 18 18 18 18 18 18 18 18 18 18 18 18 18 18 18 18 18 25 25 25 25 25 25 25 25
25 25 25 25 25 25 25 25 18 18 18 18 18 18 18 18 18 18 18 18 25 25 17 17 25 25 18 18 25 25 17 17 25 25 25 25 25 25 18 18 18 18 18 18 18 18 18 25 25 25 17 17 17 17 17 17 25 25 25 18 18 18 18 18 18 18 18 18 18 18 18 18 18 18 18 18 25 25 17 17 25 25 18 18 18 18 18 18 18 18 18 18 18 18 18 18 18 18 18 18 18 18 18 18 25 25 25 25 25 25 25 25
25 25 25 25 25 25 25 25 18 18 18 18 18 18 18 18 18 18 18 18 25 25 17 17 25 25 18 18 25 25 17 17 25 25 25 25 25 25 18 18 18 18 18 18 18 18 18 18 25 25 17 17 17 17 17 17 25 25 18 18 18 18 18 18 18 18 18 18 18 18 18 18 18 18 18 18 25 25 17 17 25 25 18 18 18 18 18 18 18 18 18 18 18 18 18 18 18 18 18 18 18 18 18 18 25 25 25 25 25 25 25 25
25 25 25 25 25 25 25 25 18 18 18 18 18 18 18 18 18 18 18 18 25 25 17 17 25 25 18 18 25 25 17 17 17 17 17 17 25 25 18 18 18 18 18 18 18 18 18 18 18 25 25 25 17 17 25 25 25 18 18 18 18 18 18 18 18 18 18 18 18 18 18 18 18 18 18 18 25 25 17 17 25 25 18 18 18 18 18 18 18 18 18 18 18 18 18 18 18 18 18 18 18 18 18 18 25 25 25 25 25 25 25 25
25 25 25 25 25 25 25 25 18 18 18 18 18 18 18 18 18 18 18 18 25 25 17 17 25 25 18 18 25 25 17 17 17 17 17 17 25 25 18 18 18 18 18 18 18 18 18 18 18 18 25 25 17 17 25 25 18 18 18 18 18 18 18 18 18 18 18 18 18 18 18 18 18 18 18 18 25 25 17 17 25 25 18 18 18 18 18 18 18 18 18 18 18 18 18 18 18 18 18 18 18 18 18 18 25 25 25 25 25 25 25 25
25 25 25 25 25 25 25 25 18 18 18 18 18 18 18 18 18 18 18 18 25 25 17 17 25 25 18 18 25 25 25 25 25 25 17 17 25 25 18 18 18 18 18 18 18 18 18 18 18 18 25 25 17 17 25 25 18 18 18 18 18 18 18 18 18 18 18 18 18 18 18 18 18 18 18 18 25 25 17 17 25 25 18 18 18 18 18 18 18 18 18 18 18 18 18 18 18 18 18 18 18 18 18 18 25 25 25 25 25 25 25 25
25 25 25 25 25 25 25 25 18 18 18 18 18 18 18 18 18 18 18 18 25 25 17 17 25 25 18 18 25 25 25 25 25 25 17 17 25 25 18 18 18 18 18 18 18 18 18 18 18 18 25 25 17 17 25 25 18 18 18 18 18 18 18 18 18 18 18 18 18 18 18 18 18 18 25 25 25 25 17 17 25 25 18 18 18 18 18 18 18 18 18 18 18 18 18 18 18 18 18 18 18 18 18 18 25 25 25 25 25 25 25 25
25 25 25 25 25 25 25 25 18 18 18 18 18 18 18 18 18 18 18 18 25 25 17 17 25 25 18 18 18 18 18 18 25 25 17 17 25 25 18 18 18 18 18 18 18 18 18 18 18 18 25 25 17 17 25 25 18 18 18 18 17 17 18 18 18 18 18 18 18 18 18 18 18 18 25 25 17 17 17 17 25 25 18 18 18 18 18 18 18 18 18 18 18 18 18 18 18 18 18 18 18 18 18 18 25 25 25 25 25 25 25 25
25 25 25 25 25 25 25 25 18 18 18 18 18 18 18 18 18 18 18 18 25 25 17 17 25 25 18 18 18 18 18 18 25 25 17 17 25 25 18 18 18 18 18 18 18 18 18 18 18 18 25 25 17 17 25 25 18 18 18 18 17 17 18 18 18 18 18 18 18 18 18 18 18 18 25 25 17 17 17 17 25 25 18 18 18 18 18 18 18 18 18 18 18 18 18 18 18 18 18 18 18 18 18 18 25 25 25 25 25 25 25 25
25 25 25 25 25 25 25 25 18 18 18 18 18 18 18 18 18 18 18 18 25 25 17 17 25 25 25 25 25 25 25 25 25 25 17 17 25 25 18 18 18 18 18 18 18 18 18 18 18 18 25 25 17 17 25 25 18 18 18 18 18 18 18 18 18 18 17 17 18 18 18 18 18 18 25 25 25 25 17 17 25 25 18 18 18 18 18 18 18 18 18 18 18 18 18 18 18 18 18 18 18 18 18 18 25 25 25 25 25 25 25 25
25 25 25 25 25 25 25 25 18 18 18 18 18 18 18 18 18 18 18 18 25 25 17 17 25 25 25 25 25 25 25 25 25 25 17 17 25 25 18 18 18 18 18 18 18 18 18 18 18 18 25 25 17 17 25 25 18 18 18 18 18 18 18 18 18 18 17 17 18 18 18 18 18 18 18 18 25 25 17 17 25 25 18 18 18 18 18 18 18 18 18 18 18 18 18 18 18 18 18 18 18 18 18 18 25 25 25 25 25 25 25 25
25 25 25 25 25 25 25 25 18 18 18 18 18 18 18 18 18 18 18 18 25 25 17 17 17 17 17 22 20 22 17 17 17 17 17 17 25 25 18 18 18 18 18 18 18 18 18 18 18 18 25 25 17 17 25 25 18 18 18 18 18 18 18 18 18 18 17 17 18 18 18 18 18 18 18 18 25 25 17 17 25 25 18 18 18 18 18 18 18 18 18 18 18 18 18 18 18 18 18 18 18 18 18 18 25 25 25 25 25 25 25 25
25 25 25 25 25 25 25 25 18 18 18 18 18 18 18 18 18 18 18 18 25 25 17 17 17 17 17 17 22 17 17 17 17 17 17 17 25 25 18 18 18 18 18 18 18 18 18 18 18 18 25 25 17 17 25 25 18 18 18 18 18 18 18 18 18 18 17 17 18 18 18 18 18 18 18 18 25 25 17 17 25 25 18 18 18 18 18 18 18 18 18 18 18 18 18 18 18 18 18 18 18 18 18 18 25 25 25 25 25 25 25 25
25 25 25 25 25 25 25 25 18 18 18 18 18 18 18 18 18 18 18 18 25 25 17 17 17 17 17 17 17 17 17 17 17 17 17 17 25 25 18 18 18 18 18 18 18 18 18 18 18 18 25 25 17 17 25 25 18 18 18 18 18 18 18 18 18 18 18 18 18 18 18 18 18 18 18 18 25 25 17 17 25 25 18 18 18 18 18 18 18 18 18 18 18 18 18 18 18 18 18 18 18 18 18 18 25 25 25 25 25 25 25 25
25 25 25 25 25 25 25 25 18 18 18 18 18 18 18 18 18 18 18 18 25 25 17 17 17 17 17 17 17 17 17 17 17 17 17 17 25 25 18 18 18 18 18 18 18 18 18 18 18 18 25 25 17 17 25 25 18 18 18 18 18 18 18 18 18 18 18 18 18 18 18 18 18 18 25 25 25 25 17 17 25 25 25 25 18 18 18 18 18 18 18 18 18 18 18 18 18 18 18 18 18 18 18 18 25 25 25 25 25 25 25 25
25 25 25 25 25 25 25 25 24 18 18 18 18 18 18 18 18 18 18 18 25 25 17 17 17 17 20 24 24 24 24 17 17 17 17 17 25 25 18 18 18 18 18 18 18 18 18 18 18 18 25 25 17 17 25 25 18 18 18 18 18 18 18 18 18 18 18 18 18 18 18 18 18 18 25 25 17 17 17 17 17 17 25 25 18 18 18 18 18 18 18 18 18 18 18 18 18 18 18 18 18 18 18 18 25 25 25 25 25 25 25 25
25 25 25 25 25 25 25 25 24 24 18 18 18 18 18 18 18 18 18 18 25 25 17 17 17 17 24 24 24 24 24 24 17 17 17 17 25 25 18 18 18 18 18 18 18 18 18 18 18 18 25 25 17 17 25 25 18 18 18 18 18 18 18 18 18 18 18 18 18 18 18 18 18 18 25 25 17 17 17 17 17 17 25 25 18 18 18 18 18 18 18 18 18 18 18 18 18 18 18 18 18 18 18 18 18 25 25 25 25 25 25 25
25 25 25 25 25 25 25 25 24 24 24 18 18 18 18 18 18 18 18 18 25 25 17 17 17 17 24 24 24 24 24 24 17 17 17 17 25 25 18 18 18 18 18 18 18 18 18 18 18 18 25 25 17 17 25 25 18 18 18 18 18 18 18 18 18 18 18 18 18 18 18 18 18 18 25 25 17 17 17 17 17 17 25 25 18 18 18 18 18 18 18 18 18 18 18 18 18 18 18 18 18 18 18 18 25 25 25 25 25 25 25 25
25 25 25 25 25 25 25 25 24 24 24 24 18 18 18 18 18 18 18 18 25 25 17 17 17 17 24 24 24 24 24 24 17 17 17 17 25 25 18 18 18 18 18 18 18 18 18 18 18 18 25 25 17 17 25 25 18 18 18 18 18 18 18 18 18 18 18 18 18 18 18 18 18 18 25 25 17 17 17 17 17 17 25 25 18 18 18 18 18 18 18 18 18 18 18 18 18 18 18 18 18 18 18 18 25 25 25 25 25 25 25 25
25 25 25 25 25 25 25 25 24 24 24 24 24 18 18 18 18 18 18 18 25 25 17 17 17 17 24 24 24 24 24 24 17 17 17 17 25 25 18 18 18 18 18 18 18 18 18 18 18 18 25 25 17 17 25 25 18 18 18 18 18 18 18 18 18 18 18 18 18 18 18 18 18 18 25 25 17 17 17 17 17 17 25 25 18 18 18 18 18 18 18 18 18 18 18 18 18 18 18 18 18 18 18 18 25 25 25 25 25 25 25 25
25 25 25 25 25 25 25 25 24 24 24 24 24 24 18 18 18 18 18 18 25 25 17 17 17 17 17 24 24 24 24 17 17 17 17 17 25 25 18 18 18 18 18 18 18 18 18 18 18 18 25 25 17 17 25 25 18 18 18 18 18 18 18 18 18 18 18 18 18 18 18 18 18 18 25 25 17 17 17 17 17 17 25 25 18 18 18 18 18 18 18 18 18 18 18 18 18 18 18 18 18 18 18 18 25 25 25 25 25 25 25 25
25 25 25 25 25 25 25 25 24 24 24 24 24 24 18 18 18 18 18 18 25 25 17 17 17 17 17 17 17 17 17 17 17 17 22 22 25 25 18 18 18 18 18 18 18 18 18 18 18 18 25 25 17 17 25 25 18 18 18 18 18 18 18 18 18 18 18 18 18 18 18 18 18 18 25 25 17 17 17 17 17 17 25 25 18 18 18 18 18 18 18 18 18 18 18 18 18 18 18 18 18 18 18 18 25 25 25 25 25 25 25 25
25 25 25 25 25 25 25 25 24 24 24 24 24 24 18 18 18 18 18 18 25 25 25 17 17 17 17 17 17 17 17 17 17 22 20 25 25 25 18 18 18 18 18 18 18 18 18 18 18 18 25 25 17 17 25 25 18 18 18 18 18 18 18 18 18 18 18 18 18 18 18 18 18 18 25 25 17 17 17 17 17 17 25 25 18 18 18 18 18 18 18 18 18 18 18 18 18 18 18 18 18 18 18 18 25 25 25 25 25 25 25 25
25 25 25 25 25 25 25 25 24 24 24 24 24 24 18 18 18 18 18 18 25 25 25 25 25 25 25 25 25 25 25 25 25 25 25 25 25 25 18 18 18 18 18 25 25 25 25 25 25 25 25 25 17 17 25 25 25 25 25 25 25 18 18 18 18 18 18 18 18 18 18 18 18 18 25 25 17 17 17 17 17 17 25 25 18 18 18 18 18 18 18 18 18 18 18 18 18 18 18 18 18 18 18 18 25 25 25 25 25 25 25 25
25 25 25 25 25 25 25 25 18 24 24 24 24 24 24 18 18 18 18 18 25 25 25 25 25 25 25 25 25 25 25 25 25 25 25 25 25 25 18 18 18 18 25 25 25 25 25 25 25 25 25 25 17 17 25 25 25 25 25 25 25 25 18 18 18 18 18 18 18 18 18 18 18 25 25 25 17 17 17 17 17 17 25 25 25 25 18 18 18 18 18 18 18 18 18 18 18 18 18 18 18 18 18 18 25 25 25 25 25 25 25 25
25 25 25 25 25 25 25 25 18 24 24 24 24 24 24 18 18 18 18 18 18 18 18 18 18 18 18 18 18 18 18 18 18 18 18 18 18 18 18 18 18 18 25 25 17 17 17 17 17 17 17 17 17 17 17 17 17 17 17 17 25 25 18 18 18 18 18 18 18 18 18 18 18 25 17 17 17 17 17 17 17 17 17 17 25 25 18 18 18 18 18 18 18 18 18 18 18 18 18 18 25 25 25 25 25 25 25 25 25 25 25 25
25 25 25 25 25 25 25 25 18 18 24 24 24 24 24 24 18 18 18 18 18 18 18 18 18 18 18 18 18 18 18 18 18 18 18 18 18 18 18 18 18 25 25 25 17 17 17 17 17 17 17 17 17 17 17 17 17 17 17 18 25 25 25 18 18 18 18 18 18 18 18 25 25 25 17 17 17 17 17 17 17 17 17 17 25 25 18 18 18 18 18 18 18 18 18 18 18 18 18 25 25 24 24 24 25 25 25 25 25 25 25 25
25 25 25 25 25 25 25 25 18 18 18 24 24 24 24 24 24 18 18 18 18 18 18 18 18 18 18 18 18 18 18 18 18 18 18 18 18 18 18 18 18 25 25 17 17 17 17 17 17 17 17 17 17 17 17 17 17 17 17 18 18 25 25 18 18 18 17 17 18 25 25 25 17 17 17 17 17 17 17 17 17 17 17 17 25 25 18 18 18 18 18 18 18 18 18 18 18 18 25 25 24 24 24 24 25 25 25 25 25 25 25 25
25 25 25 25 25 25 25 25 18 18 18 24 24 24 24 24 24 18 18 18 18 18 18 18 18 18 18 18 18 18 18 18 18 18 18 18 18 18 18 18 18 25 25 17 17 17 17 17 17 17 17 17 17 17 17 17 17 17 18 18 22 25 25 18 18 18 17 17 18 25 25 25 17 17 17 17 17 17 17 17 17 17 17 17 25 25 18 18 18 18 18 18 18 18 18 18 18 25 25 24 24 24 24 24 25 25 25 25 25 25 25 25
25 25 25 25 25 25 25 25 18 18 18 24 24 24 24 24 24 18 18 18 18 18 18 18 18 18 18 18 18 18 18 24 24 24 24 24 24 18 18 18 18 25 25 17 17 17 17 17 17 17 17 17 17 17 17 17 17 18 18 22 22 25 25 18 18 18 18 18 25 25 22 18 18 17 17 17 17 17 17 17 17 17 17 17 25 25 18 18 18 18 18 18 18 18 18 18 25 25 24 24 24 19 19 19 25 25 25 25 25 25 25 25
25 25 25 25 25 25 25 25 18 18 18 18 24 24 24 24 24 24 18 18 18 18 18 18 18 18 18 18 18 18 24 24 24 24 24 24 24 24 18 18 18 25 25 17 17 17 17 17 17 17 17 17 17 17 17 17 17 18 18 22 20 25 25 25 25 25 25 25 25 25 22 22 18 18 17 17 17 17 17 17 17 17 17 17 25 25 18 18 18 18 18 18 18 18 18 25 25 24 24 24 19 19 19 19 25 25 25 25 25 25 25 25
25 25 25 25 25 25 25 25 18 18 18 18 24 24 24 24 24 24 18 18 18 18 18 18 18 18 18 18 18 24 24 24 24 24 24 24 24 24 18 18 18 25 25 17 17 17 17 17 17 17 17 17 17 17 17 17 18 18 22 22 22 25 25 25 25 25 25 25 25 25 22 22 18 18 17 17 17 17 17 17 18 18 17 17 25 25 18 18 18 18 18 18 18 18 18 25 24 24 24 24 19 19 19 19 25 25 25 25 25 25 25 25
25 25 25 25 25 25 25 25 18 18 18 18 24 24 24 24 24 24 18 18 18 18 18 18 18 18 18 18 24 24 24 24 24 24 24 24 24 24 24 18 18 25 25 17 17 17 17 17 17 17 17 17 17 17 17 17 18 18 22 22 22 22 22 22 22 22 22 22 22 22 22 22 18 18 17 17 17 17 17 17 18 18 17 17 25 25 18 18 18 18 18 18 18 18 25 25 24 24 24 24 19 25 19 19 25 25 25 25 25 25 25 25
25 25 25 25 25 25 25 25 18 18 18 18 24 24 24 24 24 24 18 18 18 18 18 18 18 18 18 24 24 24 24 24 24 24 24 24 24 24 24 18 18 18 18 17 17 17 17 17 17 17 17 17 17 17 17 17 18 18 22 20 22 22 22 22 22 22 22 22 22 22 22 22 22 18 17 18 18 17 17 17 17 17 17 17 17 25 18 18 18 18 18 18 18 25 25 24 24 24 24 24 19 19 19 19 25 25 25 25 25 25 25 25
25 25 25 25 25 25 25 25 18 18 18 18 18 24 24 24 24 24 24 18 18 18 18 18 18 18 24 24 24 24 24 24 18 18 24 24 24 24 24 24 18 18 18 17 17 17 17 17 17 17 17 17 17 17 17 17 18 22 22 22 25 25 25 25 25 25 25 25 22 22 22 18 18 17 17 18 18 17 17 17 17 17 17 17 17 25 18 18 18 18 18 18 25 25 24 24 24 24 24 24 19 19 19 19 25 25 25 25 25 25 25 25
25 25 25 25 25 25 25 25 18 18 18 18 18 24 24 24 24 24 24 18 18 18 18 18 18 24 24 24 24 24 24 18 18 18 18 24 24 24 24 24 24 18 18 18 17 17 17 17 17 17 17 17 17 17 17 18 18 22 22 25 25 18 18 18 18 18 18 18 18 18 18 17 17 17 17 17 17 17 17 17 17 17 17 17 25 25 18 18 18 18 18 25 25 24 24 24 24 24 24 24 19 19 19 19 25 25 25 25 25 25 25 25
25 25 25 25 25 25 25 25 18 18 18 18 18 18 24 24 24 24 24 24 18 18 18 18 24 24 24 24 24 24 18 18 18 18 18 24 24 24 24 24 24 18 18 18 17 17 17 17 17 17 17 17 17 17 17 18 22 22 25 25 18 18 18 18 18 18 18 24 18 18 17 17 17 17 17 17 17 17 17 17 17 17 17 17 25 25 18 18 18 18 18 25 24 24 24 24 24 24 24 24 19 19 19 19 25 25 25 25 25 25 25 25
25 25 25 25 25 25 25 25 18 18 18 18 18 18 24 24 24 24 24 24 18 18 18 18 24 24 24 24 24 24 18 18 18 18 18 18 24 24 24 24 24 24 18 18 18 18 17 17 17 17 17 17 17 17 18 18 18 25 25 18 18 18 18 18 18 18 24 24 17 17 17 17 18 18 17 17 17 17 18 18 17 17 17 17 25 25 18 18 18 25 25 24 24 24 24 24 24 25 24 24 19 19 25 20 25 25 25 25 25 25 25 25
25 25 25 25 25 25 25 25 18 18 18 18 18 18 24 24 24 24 24 24 18 18 18 24 24 24 24 24 24 18 18 18 18 18 18 18 18 24 24 24 24 24 24 18 18 18 25 25 25 25 25 25 25 25 25 25 25 25 18 18 18 18 18 18 18 24 24 24 17 17 17 17 18 18 17 17 17 17 18 18 17 17 17 17 25 25 18 18 25 25 24 24 24 24 24 24 25 25 25 24 24 19 19 19 25 25 25 25 25 25 25 25
25 25 25 25 25 25 25 25 18 18 18 18 18 18 18 24 24 24 24 24 24 18 18 24 24 24 24 24 24 18 18 18 18 18 18 18 18 24 24 24 24 24 24 18 18 18 25 25 25 25 25 25 25 25 25 25 25 25 25 25 18 18 18 18 18 24 24 24 24 24 17 17 17 17 17 17 17 17 17 17 17 17 25 25 25 25 18 25 25 24 24 24 24 24 24 25 25 18 25 25 24 24 24 24 25 25 25 25 25 25 25 25
25 25 25 25 25 25 25 25 18 18 18 18 18 18 18 24 24 24 24 24 24 18 18 24 24 24 24 24 24 18 18 18 18 18 18 18 18 24 24 24 24 24 24 18 18 18 18 18 18 18 18 18 18 25 25 25 25 25 25 25 25 18 18 18 24 24 24 24 24 24 17 17 17 17 17 17 17 17 17 17 17 17 25 25 18 18 25 25 24 24 24 24 24 24 25 25 18 18 18 25 25 25 24 24 25 25 25 25 25 25 25 25
25 25 25 25 25 25 25 25 18 18 18 18 18 18 18 18 24 24 24 24 24 24 24 24 24 24 24 24 18 18 18 18 18 18 18 18 18 18 24 24 24 24 24 24 18 18 18 18 18 18 18 18 25 25 25 25 25 25 25 25 25 25 18 24 24 24 24 24 24 25 25 25 25 25 25 25 25 25 25 25 25 25 25 18 18 25 25 24 24 24 24 24 24 25 25 18 18 18 18 18 25 25 25 25 25 25 25 25 25 25 25 25
25 25 25 25 25 25 25 25 18 18 18 18 18 18 18 18 18 24 24 24 24 24 24 24 24 24 24 18 18 18 18 18 18 18 18 18 18 18 24 24 24 24 24 24 18 18 18 18 18 18 18 25 25 25 25 25 25 25 25 25 25 25 24 24 24 24 24 24 25 25 25 25 25 25 25 25 25 25 25 25 25 25 25 18 25 25 24 24 24 24 24 24 25 25 18 18 18 18 18 18 18 25 25 25 25 25 25 25 25 25 25 25
25 25 25 25 25 25 25 25 18 18 18 18 18 18 18 18 18 18 24 24 24 24 24 24 24 24 24 18 18 18 18 18 18 18 18 18 18 18 18 24 24 24 24 24 24 18 18 18 18 18 25 25 25 25 25 25 25 25 25 25 25 24 24 24 24 24 24 25 25 18 18 18 18 18 18 18 18 18 18 18 18 18 18 25 25 24 24 24 24 24 24 24 25 18 18 18 18 18 18 18 18 18 18 18 25 25 25 25 25 25 25 25
25 25 25 25 25 25 25 25 18 18 18 18 18 18 18 18 18 18 18 24 24 24 24 24 24 18 18 18 18 18 18 18 18 18 18 18 18 18 18 24 24 24 24 24 24 24 24 24 24 24 24 24 24 24 24 24 24 24 24 24 24 24 24 24 24 24 25 25 18 18 18 18 18 18 18 18 18 18 18 18 18 18 25 25 24 24 24 24 24 24 25 25 25 18 18 18 18 18 18 18 18 18 18 18 25 25 25 25 25 25 25 25
25 25 25 25 25 25 25 25 18 18 18 18 18 18 18 18 18 18 18 18 18 18 18 18 18 18 18 18 18 18 18 18 18 18 18 18 18 18 18 18 24 24 24 24 24 24 24 24 24 24 24 24 24 24 24 24 24 24 24 24 24 24 24 24 24 24 24 25 25 18 18 18 18 18 18 18 18 18 18 18 25 25 25 24 24 24 24 24 24 25 25 18 18 18 18 18 18 18 18 18 18 18 18 18 25 25 25 25 25 25 25 25
25 25 25 25 25 25 25 25 18 18 18 18 18 18 18 18 18 18 18 18 18 18 18 18 18 18 18 18 18 18 18 18 18 18 18 18 18 18 18 18 18 24 24 24 24 24 24 24 24 24 24 24 24 24 24 24 24 24 24 24 24 24 24 24 24 24 24 24 25 25 25 25 25 25 25 25 25 25 25 25 25 25 24 24 24 24 24 24 25 25 18 18 18 18 18 18 18 18 18 18 18 18 18 18 25 25 25 25 25 25 25 25
25 25 25 25 25 25 25 25 18 18 18 18 18 18 18 18 18 18 18 18 18 18 18 18 18 18 18 18 18 18 18 18 18 18 18 18 18 18 18 18 18 24 24 24 24 24 24 24 24 24 24 24 24 24 24 24 24 24 24 24 24 24 25 25 25 24 24 24 24 25 25 25 25 25 25 25 25 25 25 25 25 24 24 24 24 24 24 25 25 18 18 18 18 18 18 18 18 18 18 18 18 18 18 18 25 25 25 25 25 25 25 25
25 25 25 25 25 25 25 25 18 18 18 18 18 18 18 18 18 18 18 18 18 18 18 18 18 18 18 18 18 18 18 18 18 18 18 18 18 18 18 18 18 18 24 24 24 24 24 24 24 24 24 24 24 24 24 24 24 24 18 18 18 18 18 18 25 25 24 24 24 24 24 24 24 24 24 24 24 24 24 24 24 24 24 24 24 24 25 25 18 18 18 18 18 18 18 18 18 18 18 18 18 18 18 18 25 25 25 25 25 25 25 25
25 25 25 25 25 25 25 25 18 18 18 18 18 18 18 18 18 18 18 18 18 18 18 18 18 18 18 18 18 18 18 18 18 18 18 18 18 18 18 18 18 18 18 18 18 18 18 18 18 18 25 25 25 25 25 25 18 18 18 18 18 18 18 18 18 25 25 24 24 24 24 24 24 24 24 24 24 24 24 24 24 24 24 24 24 25 25 18 18 18 18 18 18 18 18 18 18 18 18 18 18 18 18 18 25 25 25 25 25 25 25 25
25 25 25 25 25 25 25 25 18 18 18 18 18 18 18 18 18 18 18 18 18 18 18 18 18 18 18 18 18 18 18 18 18 18 18 18 18 18 18 18 18 18 18 18 18 18 18 18 25 25 25 25 25 25 25 25 25 18 18 18 18 18 18 18 18 18 25 25 24 24 24 24 24 24 24 24 24 24 24 24 24 24 24 24 25 25 18 18 18 18 18 18 18 18 18 18 18 18 18 18 18 18 18 18 25 25 25 25 25 25 25 25
25 25 25 25 25 25 25 25 18 18 18 18 18 18 18 18 18 18 18 18 18 18 18 18 18 18 18 18 18 18 18 18 18 18 18 18 18 18 18 18 18 18 18 18 18 18 18 25 25 25 25 25 25 25 25 25 25 25 18 18 18 18 18 18 18 18 18 25 25 25 25 25 25 25 25 25 25 25 25 25 25 25 25 25 25 18 18 18 18 18 18 18 18 18 18 18 18 18 18 18 18 18 18 18 25 25 25 25 25 25 25 25
25 25 25 25 25 25 25 25 18 18 18 18 18 18 18 18 18 18 18 18 18 18 18 18 18 18 18 18 18 18 18 18 18 18 18 18 18 18 18 18 18 18 18 18 18 18 25 25 25 25 25 25 25 25 25 25 25 25 25 25 18 18 18 18 18 18 18 18 25 25 25 25 25 25 25 25 25 25 25 25 25 25 25 25 18 18 18 18 18 18 18 18 18 18 18 18 18 18 18 18 18 18 18 18 25 25 25 25 25 25 25 25
25 25 25 25 25 25 25 25 25 25 25 25 25 25 25 25 25 25 25 25 25 25 25 25 25 25 25 25 25 25 25 25 25 25 25 25 25 25 25 25 25 25 25 25 25 25 25 25 25 25 25 25 25 25 25 25 25 25 25 25 25 25 25 25 25 25 25 25 25 25 25 25 25 25 25 25 25 25 25 25 25 25 25 25 25 25 25 25 25 25 25 25 25 25 25 25 25 25 25 25 25 25 25 25 25 25 25 25 25 25 25 25
25 25 25 25 25 25 25 25 25 25 25 25 25 25 25 25 25 25 25 25 25 25 25 25 25 25 25 25 25 25 25 25 25 25 25 25 25 25 25 25 25 25 25 25 25 25 25 25 25 25 25 25 25 25 25 25 25 25 25 25 25 25 25 25 25 25 25 25 25 25 25 25 25 25 25 25 25 25 25 25 25 25 25 25 25 25 25 25 25 25 25 25 25 25 25 25 25 25 25 25 25 25 25 25 25 25 25 25 25 25 25 25
25 25 25 25 25 25 25 25 25 25 25 25 25 25 25 25 25 25 25 25 25 25 25 25 25 25 25 25 25 25 25 25 25 25 25 25 25 25 25 25 25 25 25 25 25 25 25 25 25 25 25 25 25 25 25 25 25 25 25 25 25 25 25 25 25 25 25 25 25 25 25 25 25 25 25 25 25 25 25 25 25 25 25 25 25 25 25 25 25 25 25 25 25 25 25 25 25 25 25 25 25 25 25 25 25 25 25 25 25 25 25 25
25 25 25 25 25 25 25 25 25 25 25 25 25 25 25 25 25 25 25 25 25 25 25 25 25 25 25 25 25 25 25 25 25 25 25 25 25 25 25 25 25 25 25 25 25 25 25 25 25 25 25 25 25 25 25 25 25 25 25 25 25 25 25 25 25 25 25 25 25 25 25 25 25 25 25 25 25 25 25 25 25 25 25 25 25 25 25 25 25 25 25 25 25 25 25 25 25 25 25 25 25 25 25 25 25 25 25 25 25 25 25 25
25 25 25 25 25 25 25 25 25 25 25 25 25 25 25 25 25 25 25 25 25 25 25 25 25 25 25 25 25 25 25 25 25 25 25 25 25 25 25 25 25 25 25 25 25 25 25 25 25 25 25 25 25 25 25 25 25 25 25 25 25 25 25 25 25 25 25 25 25 25 25 25 25 25 25 25 25 25 25 25 25 25 25 25 25 25 25 25 25 25 25 25 25 25 25 25 25 25 25 25 25 25 25 25 25 25 25 25 25 25 25 25
25 25 25 25 25 25 25 25 25 25 25 25 25 25 25 25 25 25 25 25 25 25 25 25 25 25 25 25 25 25 25 25 25 25 25 25 25 25 25 25 25 25 25 25 25 25 25 25 25 25 25 25 25 25 25 25 25 25 25 25 25 25 25 25 25 25 25 25 25 25 25 25 25 25 25 25 25 25 25 25 25 25 25 25 25 25 25 25 25 25 25 25 25 25 25 25 25 25 25 25 25 25 25 25 25 25 25 25 25 25 25 25
