33 33 33 33 33 33 33 33 33 33 33 33 33 33 33 33 33 33 33 33 33 33 33 33 33 33 33 33 33 33 33 33 33 33 33 33 33 33 33 33 33 33 33 33 33 33 33 33 33 33 33 33 33 33 33 33 33 33 33 33 33 33 33 33 33 33 33 33 33 33 33 33 33 33 33 33 33 33 33 33 33 33 33 33 33 33 33 33 33 33 33 33 33 33 33 33 33 33 33 33 33 33 33 33 33 33 33 33 33 33 33 33
33 33 33 33 33 33 33 33 33 33 33 33 33 33 33 33 33 33 33 33 33 33 33 33 33 33 33 33 33 33 33 33 33 33 33 33 33 33 33 33 33 33 33 33 33 33 33 33 33 33 33 33 33 33 33 33 33 33 33 33 33 33 33 33 33 33 33 33 33 33 33 33 33 33 33 33 33 33 33 33 33 33 33 33 33 33 33 33 33 33 33 33 33 33 33 33 33 33 33 33 33 33 33 33 33 33 33 33 33 33 33 33
33 33 33 33 33 33 33 33 33 33 33 33 33 33 33 33 33 33 33 33 33 33 33 33 33 33 33 33 33 33 33 33 33 33 33 33 33 33 33 33 33 33 33 33 33 33 33 33 33 33 33 33 33 33 33 33 33 33 33 33 33 33 33 33 33 33 33 33 33 33 33 33 33 33 33 33 33 33 33 33 33 33 33 33 33 33 33 33 33 33 33 33 33 33 33 33 33 33 33 33 33 33 33 33 33 33 33 33 33 33 33 33
33 33 33 33 33 33 33 33 33 33 33 33 33 33 33 33 33 33 33 33 33 33 33 33 33 33 33 33 33 33 33 33 33 33 33 33 33 33 33 33 33 33 33 33 33 33 33 33 33 33 33 33 33 33 33 33 33 33 33 33 33 33 33 33 33 33 33 33 33 33 33 33 33 33 33 33 33 33 33 33 33 33 33 33 33 33 33 33 33 33 33 33 33 33 33 33 33 33 33 33 33 33 33 33 33 33 33 33 33 33 33 33
33 33 33 33 33 33 33 33 33 33 33 33 33 33 33 33 33 33 33 33 33 33 33 33 33 33 33 33 33 33 33 33 33 33 33 33 33 33 33 33 33 33 33 33 33 33 33 33 33 33 33 33 33 33 33 33 33 33 33 33 33 33 33 33 33 33 33 33 33 33 33 33 33 33 33 33 33 33 33 33 33 33 33 33 33 33 33 33 33 33 33 33 33 33 33 33 33 33 33 33 33 33 33 33 33 33 33 33 33 33 33 33
33 33 33 33 33 33 33 33 33 33 33 33 33 33 33 33 33 33 33 33 33 33 33 33 33 33 33 33 33 33 33 33 33 33 33 33 33 33 33 33 33 33 33 33 33 33 33 33 33 33 33 33 33 33 33 33 33 33 33 33 33 33 33 33 33 33 33 33 33 33 33 33 33 33 33 33 33 33 33 33 33 33 33 33 33 33 33 33 33 33 33 33 33 33 33 33 33 33 33 33 33 33 33 33 33 33 33 33 33 33 33 33
33 33 33 33 33 33 33 33 38 38 34 34 34 34 34 34 34 34 34 34 34 37 37 37 37 37 37 37 37 37 37 37 37 37 37 37 37 37 37 37 37 37 37 37 37 37 37 37 37 37 37 37 37 37 37 33 33 33 33 33 37 28 28 28 28 37 33 33 33 33 33 33 33 33 33 33 33 33 33 33 33 33 33 37 28 28 28 37 33 33 33 33 33 33 33 33 33 33 33 33 33 38 33 33 33 33 33 33 33 33 33 33
33 33 33 33 33 33 33 33 38 38 34 34 34 34 34 34 34 34 34 34 34 37 37 37 37 37 37 37 37 37 37 37 37 37 37 37 37 37 37 37 37 37 37 37 37 37 37 37 37 37 37 37 37 37 37 34 34 34 34 34 37 28 28 28 28 37 34 34 34 34 34 34 34 34 34 34 34 34 34 34 34 34 34 37 28 28 28 37 34 34 34 34 34 34 34 34 34 34 34 34 34 38 33 33 33 33 33 33 33 33 33 33
33 33 33 33 33 33 33 33 38 38 34 34 34 34 34 34 34 34 34 34 34 37 37 37 37 37 37 37 37 37 37 37 37 37 37 37 37 37 37 37 37 37 37 37 37 37 37 37 37 37 37 37 37 37 37 34 34 34 34 34 37 28 28 28 28 37 34 34 34 34 34 34 34 34 34 34 34 34 34 34 34 34 34 37 28 28 28 37 34 34 34 34 34 34 34 34 34 34 34 34 34 38 33 33 33 33 33 33 33 33 33 33
33 33 33 33 33 33 33 33 38 38 34 34 34 34 34 34 34 34 34 34 34 37 37 37 37 37 37 37 37 37 37 37 37 37 37 37 37 37 37 37 37 37 37 37 37 37 37 37 37 37 37 37 37 37 37 34 34 34 34 34 37 28 28 28 28 37 34 34 34 34 34 34 34 34 34 34 34 34 34 34 34 34 34 37 28 28 28 37 34 34 34 34 34 34 34 34 34 34 34 34 34 38 33 33 33 33 33 33 33 33 33 33
33 33 33 33 33 33 33 33 38 38 34 34 34 34 40 34 34 34 34 34 34 37 37 37 37 37 37 37 37 37 37 37 37 37 37 37 37 37 37 37 37 37 37 37 37 37 37 37 37 37 37 37 37 37 37 34 34 34 34 34 37 37 37 37 37 37 34 34 34 34 34 34 34 34 34 34 34 34 34 34 34 34 34 37 28 28 28 37 34 34 34 34 34 34 34 34 34 34 34 34 34 38 33 33 33 33 33 33 33 33 33 33
33 33 33 33 33 33 33 33 38 38 34 34 34 34 34 34 34 34 34 34 34 37 37 37 37 37 37 37 37 37 37 37 37 37 37 37 37 37 37 37 37 37 37 37 37 37 37 37 37 37 37 37 37 37 37 34 34 34 34 34 34 34 34 34 34 34 34 34 34 34 34 34 34 34 34 34 34 34 34 34 34 34 34 37 37 37 37 37 34 34 34 34 34 34 34 34 34 34 34 34 34 38 33 33 33 33 33 33 33 33 33 33
33 33 33 33 33 33 33 33 38 38 34 34 34 34 34 34 34 34 34 34 34 37 27 27 27 27 27 27 27 37 37 37 37 37 37 37 37 37 37 37 37 37 37 37 37 37 37 37 37 37 37 37 37 37 37 27 27 27 27 27 27 27 27 27 27 27 27 27 27 27 27 27 27 27 27 27 27 27 27 27 27 27 27 27 27 27 27 27 27 27 27 27 27 27 27 27 27 27 27 27 27 27 33 33 33 33 33 33 33 33 33 33
33 33 33 33 33 33 33 33 38 38 34 34 34 34 34 34 34 40 34 34 34 37 27 28 28 28 28 28 27 37 37 37 37 37 37 37 37 37 37 37 37 37 37 37 37 37 37 37 37 37 37 37 37 37 37 27 27 27 27 27 30 27 27 27 32 27 27 29 27 30 27 27 27 30 27 27 37 37 37 37 37 27 33 27 27 27 33 27 27 27 30 27 27 27 37 27 27 37 27 27 33 27 33 33 33 33 33 33 33 33 33 33
33 33 33 33 33 33 33 33 38 38 34 34 34 34 34 34 34 34 34 34 34 37 27 28 28 28 28 28 27 37 37 37 37 37 37 37 40 37 37 37 37 37 37 37 37 37 37 37 37 37 37 37 37 37 37 27 27 33 28 28 28 28 28 28 28 28 28 28 28 28 28 28 28 28 28 28 28 28 28 28 28 28 28 28 28 28 28 28 28 28 28 28 28 28 28 28 28 28 28 28 28 28 28 28 28 28 28 28 28 28 28 28
33 33 33 33 33 33 33 33 38 38 34 34 34 39 39 34 34 34 34 34 34 37 27 28 28 28 28 28 27 37 37 37 37 37 37 37 37 37 37 37 37 37 37 37 37 37 37 37 37 37 37 37 37 37 37 27 27 32 28 28 28 28 28 28 28 28 28 28 28 28 28 28 28 28 28 28 28 28 28 28 28 28 28 28 28 28 28 28 28 28 28 28 28 28 28 28 28 28 28 28 28 28 28 28 28 28 28 28 28 28 28 28
33 33 33 33 33 33 33 33 38 38 34 34 34 39 39 34 34 34 34 34 34 37 27 28 28 28 28 28 27 37 37 37 37 37 37 37 37 37 37 37 37 37 37 37 37 37 37 37 37 37 37 37 37 37 37 27 27 27 28 28 28 28 28 28 28 28 28 28 28 28 28 28 28 28 28 28 28 28 28 28 28 28 28 28 28 28 28 28 28 28 28 28 28 28 28 28 28 28 28 28 28 28 28 28 28 28 28 28 28 28 28 28
33 33 33 33 33 33 33 33 38 38 34 34 34 34 34 34 34 34 34 34 34 37 27 28 28 28 28 28 27 37 37 37 37 37 37 37 37 37 37 37 37 37 37 37 37 37 37 37 37 37 37 37 37 37 37 27 33 37 28 28 28 28 28 28 28 28 28 28 28 28 28 28 28 28 28 28 28 28 28 28 28 28 28 28 28 28 28 28 28 28 28 28 28 28 28 28 28 28 28 28 28 28 28 28 28 28 28 28 28 28 28 28
33 33 33 33 33 33 33 33 38 38 34 34 34 34 40 34 34 34 34 34 34 37 27 27 27 27 27 27 27 37 37 37 37 37 37 37 37 37 37 37 37 37 37 37 37 37 37 37 37 37 37 37 37 37 37 27 27 37 28 28 28 28 28 28 28 28 28 28 28 28 28 28 28 28 28 28 28 28 28 28 28 28 28 28 28 28 28 28 28 28 28 28 28 28 28 28 28 28 28 28 28 28 28 28 28 28 28 28 28 28 28 28
33 33 33 33 33 33 33 33 38 38 34 34 34 34 34 34 34 34 34 34 34 37 37 37 37 37 37 37 37 37 37 37 37 37 37 37 37 37 37 37 37 37 37 37 37 37 37 37 37 37 37 37 37 37 37 27 27 27 28 28 28 28 28 28 28 28 28 28 28 28 28 28 28 28 28 28 28 28 28 28 28 28 28 28 28 28 28 28 28 28 28 28 28 28 28 28 28 28 28 28 28 28 28 28 28 28 28 28 28 28 28 28
33 33 33 33 33 33 33 33 38 38 34 34 34 34 34 34 34 34 34 34 34 37 37 37 37 37 37 37 37 37 37 37 37 37 37 37 37 37 37 37 37 37 37 37 37 37 37 37 37 37 37 37 37 37 37 27 27 31 28 28 28 28 28 27 27 33 31 27 37 27 27 37 27 27 27 33 33 27 30 27 27 33 33 33 27 27 27 37 37 37 37 27 33 33 30 33 27 33 27 27 27 38 33 33 33 33 33 33 33 33 33 33
33 33 33 33 33 33 33 33 38 38 34 34 34 34 34 34 34 34 34 34 34 37 37 37 37 37 37 37 37 37 37 37 37 37 37 37 37 37 37 37 37 37 37 37 37 37 37 37 37 37 37 37 37 37 37 27 27 27 28 28 28 28 28 27 27 27 27 27 27 27 27 27 27 32 27 27 27 27 27 27 27 27 27 27 27 27 27 27 27 27 27 27 27 27 27 27 27 27 27 27 27 38 33 33 33 33 33 33 33 33 33 33
33 33 33 33 33 33 33 33 38 38 38 34 34 34 34 34 34 34 34 34 34 37 37 37 37 37 37 37 37 37 37 37 37 37 37 37 37 37 37 37 37 37 37 37 37 37 37 37 37 37 37 37 37 37 37 27 29 30 28 28 28 28 28 27 27 27 27 27 27 27 27 27 27 27 27 27 27 27 27 27 27 27 27 27 27 27 29 27 27 27 27 27 27 27 27 27 27 27 27 27 27 38 33 33 33 33 33 33 33 33 33 33
33 33 33 33 33 33 33 33 38 38 38 38 34 34 34 34 34 34 34 34 34 34 34 34 34 34 34 34 34 34 34 34 34 34 34 34 34 34 34 34 34 34 34 34 34 34 34 34 34 34 34 34 34 34 34 27 27 27 28 28 28 28 28 27 27 27 34 34 34 34 34 34 34 34 34 34 34 34 34 34 34 34 34 34 34 34 34 34 34 34 34 34 34 34 34 34 34 34 34 34 34 38 33 33 33 33 33 33 33 33 33 33
33 33 33 33 33 33 33 33 38 38 38 38 38 34 34 34 39 34 34 34 34 34 34 34 34 34 34 34 34 34 34 34 34 34 34 34 34 34 34 34 34 34 34 34 34 34 34 34 34 34 34 34 34 34 34 27 27 27 28 28 28 28 28 37 27 27 34 34 34 34 34 34 34 34 34 34 34 34 34 34 34 34 34 34 34 34 34 34 34 34 34 34 34 34 34 34 34 34 34 34 34 38 33 33 33 33 33 33 33 33 33 33
33 33 33 33 33 33 33 33 38 38 38 38 38 38 34 34 34 34 34 34 34 34 34 34 34 34 34 34 34 34 34 34 34 34 34 34 34 34 34 34 34 34 34 34 34 34 34 34 34 34 34 34 34 34 34 37 37 37 28 28 28 28 28 37 27 27 34 34 34 34 34 34 34 34 34 34 34 34 34 34 34 34 34 34 34 34 34 34 34 34 34 34 34 34 34 34 34 34 34 34 34 38 33 33 33 33 33 33 33 33 33 33
33 33 33 33 33 33 33 33 38 38 38 38 38 38 38 34 34 34 34 34 34 34 34 34 34 34 34 34 34 34 34 34 34 34 34 34 34 34 34 34 34 34 34 34 34 34 34 34 34 34 34 34 34 34 34 37 33 37 28 28 28 28 28 37 27 27 34 34 34 34 34 34 34 34 34 34 34 34 34 34 34 34 34 34 34 34 34 34 34 34 34 34 34 34 34 34 34 34 34 34 34 38 33 33 33 33 33 33 33 33 33 33
33 33 33 33 33 33 33 33 38 38 38 38 38 38 38 38 34 34 34 34 34 34 34 34 34 34 34 34 34 34 34 34 34 34 34 34 34 34 34 34 40 34 34 34 34 34 34 34 34 34 34 34 34 34 34 37 37 37 28 28 28 28 28 27 27 27 27 27 27 27 27 27 27 27 27 27 34 34 34 34 34 34 34 34 34 34 34 34 34 34 34 34 34 34 34 34 34 34 34 34 34 38 33 33 33 33 33 33 33 33 33 33
33 33 33 33 33 33 33 33 38 38 38 38 38 38 38 38 38 34 34 34 34 34 34 34 34 34 34 34 34 34 34 34 34 34 34 40 34 34 34 34 34 34 34 34 34 34 34 34 34 34 34 34 34 34 34 27 27 37 28 28 28 28 28 37 27 27 27 27 27 27 27 27 27 27 27 27 34 34 34 34 34 34 34 34 34 34 34 34 34 34 34 34 34 34 34 34 34 34 34 34 34 38 33 33 33 33 33 33 33 33 33 33
33 33 33 33 33 33 33 33 38 38 38 38 38 38 38 38 38 38 34 34 34 34 34 34 34 34 34 34 34 34 34 34 34 34 34 34 34 34 34 34 34 34 34 34 34 34 34 34 34 34 34 34 34 34 34 27 27 27 28 28 28 28 28 27 27 33 27 27 27 30 27 27 27 27 27 27 34 34 34 34 34 34 34 34 34 34 34 34 34 34 34 34 34 34 34 34 34 34 34 34 34 38 33 33 33 33 33 33 33 33 33 33
33 33 33 33 33 33 33 33 38 38 38 38 38 38 38 38 38 38 38 34 34 34 34 34 34 34 34 34 34 34 34 34 34 40 34 34 34 34 34 34 34 34 34 34 34 34 34 34 34 34 34 34 34 34 34 27 27 30 28 28 28 28 28 28 28 28 28 28 28 28 28 28 28 27 27 27 34 34 34 34 34 34 34 34 34 34 34 34 34 34 34 34 34 34 34 34 34 34 34 34 34 38 33 33 33 33 33 33 33 33 33 33
33 33 33 33 33 33 33 33 38 38 38 38 38 38 38 38 38 38 38 38 34 34 34 34 34 34 34 34 34 34 34 34 34 34 34 34 34 34 34 34 34 34 34 34 34 34 34 34 34 34 34 34 34 34 34 27 27 30 28 28 28 28 28 28 28 28 28 28 28 28 28 28 28 37 27 27 34 34 34 34 34 34 34 34 34 34 34 34 34 34 34 34 34 34 34 34 34 34 34 34 34 38 33 33 33 33 33 33 33 33 33 33
33 33 33 33 33 33 33 33 38 38 38 38 38 38 38 38 38 38 38 38 38 34 34 34 34 34 34 34 34 34 34 34 34 34 34 34 34 34 34 34 34 34 34 34 34 34 34 34 34 34 34 34 34 34 34 27 27 27 28 28 28 28 28 28 28 28 28 28 28 28 28 28 28 37 27 27 34 34 34 34 34 34 34 34 34 34 34 34 34 34 34 34 34 34 34 34 34 34 34 34 34 38 33 33 33 33 33 33 33 33 33 33
33 33 33 33 33 33 33 33 38 38 38 38 38 38 38 38 38 38 38 38 38 38 34 34 34 34 34 34 34 34 34 34 34 34 34 34 34 34 34 34 34 34 34 34 34 34 34 40 34 34 34 34 34 34 34 27 27 29 28 28 28 28 28 28 28 28 28 28 28 28 28 28 28 27 27 27 34 34 34 34 34 34 34 34 34 34 34 34 34 34 34 34 34 34 34 34 34 34 34 34 34 38 33 33 33 33 33 33 33 33 33 33
33 33 33 33 33 33 33 33 38 38 38 38 38 38 38 38 38 38 38 38 38 38 38 34 34 34 34 34 34 34 34 34 34 34 34 34 34 34 34 39 39 34 34 34 34 34 34 34 34 34 34 34 34 34 34 27 27 27 27 37 33 27 33 27 27 27 29 27 28 28 28 28 28 33 27 27 34 34 34 34 34 34 34 34 40 34 34 34 34 34 34 34 34 34 34 34 34 34 34 34 34 38 33 33 33 33 33 33 33 33 33 33
33 33 33 33 33 33 33 33 38 38 38 38 38 38 38 38 38 38 38 38 38 38 38 38 34 34 34 34 34 34 34 34 34 34 34 34 34 34 34 39 39 34 34 34 34 34 34 34 34 34 34 34 34 34 34 27 27 27 27 27 27 27 27 27 27 27 27 27 28 28 28 28 28 30 27 27 34 34 34 34 34 34 34 34 34 34 34 34 34 34 34 34 34 34 34 34 34 34 34 34 34 38 33 33 33 33 33 33 33 33 33 33
33 33 33 33 33 33 33 33 38 38 38 38 38 38 38 38 38 38 38 38 38 38 38 38 38 34 34 34 34 34 34 34 34 34 34 40 40 34 34 34 34 34 34 34 34 34 34 34 34 34 34 34 34 34 34 34 34 34 34 34 34 34 34 34 34 27 27 27 28 28 28 28 28 27 27 27 34 34 34 34 34 34 34 34 34 34 34 34 34 34 34 34 34 34 34 34 34 34 34 34 34 38 33 33 33 33 33 33 33 33 33 33
33 33 33 33 33 33 33 33 38 38 38 38 38 38 38 38 38 38 38 38 38 38 38 38 38 38 34 34 34 34 34 34 34 34 34 34 34 34 34 34 34 34 34 34 34 34 34 34 34 34 34 34 34 34 34 34 34 34 34 34 34 34 34 34 34 27 27 29 28 28 28 28 28 30 27 27 34 34 34 34 34 34 34 34 40 34 34 34 34 34 34 34 34 34 34 34 34 34 34 34 34 38 33 33 33 33 33 33 33 33 33 33
33 33 33 33 33 33 33 33 38 38 38 38 38 38 38 38 38 38 38 38 38 38 38 38 38 38 38 34 34 34 34 34 34 34 34 34 34 34 34 34 34 34 34 34 34 34 34 34 34 34 34 34 34 34 34 34 34 34 34 34 34 34 34 34 34 27 27 27 28 28 28 28 28 27 27 29 34 34 34 34 34 34 34 34 34 34 34 34 34 34 34 34 34 34 34 34 34 34 34 34 34 38 33 33 33 33 33 33 33 33 33 33
33 33 33 33 33 33 33 33 38 38 38 38 38 38 38 38 38 38 38 38 38 38 38 38 38 38 38 38 34 34 34 34 34 34 34 34 34 34 34 34 34 34 34 34 34 34 34 34 34 34 34 34 34 34 34 34 34 34 34 34 34 34 34 34 34 27 27 27 28 28 28 28 28 27 27 27 34 34 34 34 34 34 34 34 34 34 34 34 34 34 34 34 34 34 34 34 34 34 34 34 34 38 33 33 33 33 33 33 33 33 33 33
33 33 33 33 33 33 33 33 38 38 38 38 38 38 38 38 38 38 38 38 38 38 38 38 38 38 38 38 38 34 34 34 34 34 34 34 34 34 34 34 34 34 34 34 34 34 34 34 34 34 34 34 34 34 34 34 34 34 34 34 34 34 34 34 34 27 27 33 28 28 28 28 28 31 27 27 34 34 34 34 34 34 34 34 34 34 34 34 34 34 34 34 34 34 34 34 34 34 34 34 34 38 33 33 33 33 33 33 33 33 33 33
33 33 33 33 33 33 33 33 38 38 38 38 38 38 38 38 38 38 38 38 38 38 38 38 38 38 38 38 38 38 34 34 34 34 34 34 34 34 34 34 37 37 37 37 37 37 37 37 34 34 34 34 34 34 34 34 34 34 34 34 34 34 34 34 34 27 27 27 28 28 28 28 28 27 27 27 34 34 34 34 34 34 34 34 34 34 34 34 34 34 34 34 34 34 34 34 34 34 34 34 34 38 33 33 33 33 33 33 33 33 33 33
33 33 33 33 33 33 33 33 38 38 38 38 38 38 38 38 38 38 38 38 38 38 38 38 38 38 38 38 38 38 38 34 34 34 34 34 34 34 34 34 37 28 28 28 28 28 28 37 34 34 34 34 34 34 34 34 34 34 34 34 34 34 34 34 34 27 27 37 28 28 28 28 28 33 27 27 34 34 34 34 34 34 34 34 34 34 34 34 34 34 34 34 34 34 34 34 34 34 34 34 34 38 33 33 33 33 33 33 33 33 33 33
33 33 33 33 33 33 33 33 38 38 38 38 38 38 38 38 38 38 38 38 38 38 38 38 38 38 38 38 38 38 38 38 34 34 34 34 34 34 34 34 37 28 28 28 28 28 28 37 34 34 34 34 34 34 34 34 34 34 34 34 27 27 27 27 27 37 27 27 28 28 28 28 28 37 27 27 34 34 34 34 34 34 34 34 34 34 34 34 34 34 34 34 34 34 34 34 34 34 34 34 34 38 33 33 33 33 33 33 33 33 33 33
33 33 33 33 33 33 33 33 38 38 38 38 38 38 38 38 38 38 38 38 38 38 38 38 38 38 38 38 38 38 38 38 34 34 34 34 34 34 34 34 37 28 28 28 28 28 28 37 34 34 34 34 34 34 34 34 34 34 34 34 27 27 27 36 35 35 35 35 28 28 28 28 28 27 27 27 34 34 34 34 34 34 34 34 34 34 34 40 34 34 34 34 34 34 34 34 34 34 34 34 34 38 33 33 33 33 33 33 33 33 33 33
33 33 33 33 33 33 33 33 38 38 38 38 38 38 38 38 38 38 38 38 38 38 38 38 38 38 38 38 38 38 38 38 34 34 34 34 34 34 34 34 37 28 28 28 28 28 28 37 34 34 34 34 34 34 34 34 34 34 34 34 27 27 33 28 28 28 28 28 28 28 28 28 28 37 27 27 34 34 34 34 34 34 34 34 34 34 34 34 34 34 34 34 34 34 34 34 34 34 34 34 34 38 33 33 33 33 33 33 33 33 33 33
33 33 33 33 33 33 33 33 38 38 38 38 38 38 38 38 38 38 38 38 38 38 38 38 38 38 38 38 38 38 38 38 34 34 34 34 34 34 34 34 37 28 28 28 28 28 28 37 34 34 34 34 34 34 34 34 34 34 34 34 27 27 27 28 28 28 28 28 28 28 28 28 28 33 27 27 34 34 34 34 34 34 34 34 34 34 34 34 34 34 34 34 34 34 34 34 34 34 34 34 34 38 33 33 33 33 33 33 33 33 33 33
33 33 33 33 33 33 33 33 38 38 38 38 38 38 38 38 38 38 38 38 38 38 38 38 38 38 38 38 38 38 38 38 34 34 34 34 34 34 34 34 37 28 28 28 28 28 28 37 34 34 34 34 34 34 34 34 34 34 34 34 27 27 27 28 28 28 28 28 28 28 28 28 28 30 27 27 34 34 34 34 34 34 34 34 34 34 34 34 34 34 34 34 34 34 34 34 34 34 34 34 34 38 33 33 33 33 33 33 33 33 33 33
33 33 33 33 33 33 33 33 38 38 38 38 38 38 38 38 38 38 38 38 38 38 38 38 38 38 38 38 38 38 38 38 34 34 34 34 34 34 34 34 37 28 28 28 28 28 28 37 34 34 34 34 34 34 34 34 34 34 34 34 27 27 27 28 28 28 28 28 27 27 31 27 27 27 27 27 34 34 34 34 34 34 34 34 34 34 34 34 34 34 34 34 34 34 34 34 34 34 34 34 34 38 33 33 33 33 33 33 33 33 33 33
33 33 33 33 33 33 33 33 38 38 38 38 38 38 38 38 38 38 38 38 38 38 38 38 38 38 38 38 38 38 38 38 34 34 34 34 34 34 34 34 37 37 37 37 37 37 37 37 34 34 34 34 34 34 34 34 34 34 34 34 27 27 37 28 28 28 28 28 27 27 27 27 27 27 27 31 34 34 34 34 34 34 34 34 34 34 34 34 34 34 34 34 34 34 34 34 34 34 34 34 34 38 33 33 33 33 33 33 33 33 33 33
33 33 33 33 33 33 33 33 38 38 38 38 38 38 38 38 38 38 38 38 38 38 38 38 38 38 38 38 38 38 38 38 34 34 34 34 34 34 34 34 34 34 34 34 34 34 34 34 34 34 34 34 34 34 34 34 34 34 34 34 27 27 27 28 28 28 28 28 33 27 27 32 27 27 27 27 34 34 34 34 34 34 34 34 34 34 34 34 34 34 34 34 34 34 34 34 34 34 34 34 34 38 33 33 33 33 33 33 33 33 33 33
33 33 33 33 33 33 33 33 38 38 38 38 38 38 38 38 38 38 38 38 38 38 38 38 38 38 38 38 38 38 38 38 34 34 34 34 34 34 34 34 34 34 34 34 34 34 34 34 34 34 34 34 34 34 34 34 34 34 34 34 27 27 33 28 28 28 28 28 30 27 27 34 34 34 34 34 34 34 34 34 34 34 34 34 34 34 34 34 34 34 34 34 34 34 34 34 34 34 34 34 34 38 33 33 33 33 33 33 33 33 33 33
33 33 33 33 33 33 33 33 38 38 38 38 38 38 38 38 38 38 38 38 38 38 38 38 38 38 38 38 38 38 38 38 34 34 34 34 34 34 34 34 34 34 34 34 34 34 34 34 34 34 34 34 34 34 34 34 34 34 34 34 27 27 33 28 28 28 28 28 27 27 27 34 34 34 34 34 34 34 34 34 34 34 34 34 34 34 34 34 34 34 34 34 34 34 34 34 34 34 34 34 34 38 33 33 33 33 33 33 33 33 33 33
33 33 33 33 33 33 33 33 38 38 38 38 38 38 38 38 38 38 38 38 38 38 38 38 38 38 38 38 38 38 38 38 34 34 34 34 34 34 34 34 34 34 34 34 34 34 34 34 34 34 34 34 34 34 34 34 34 34 34 34 27 27 32 28 28 28 28 28 27 27 27 34 34 34 34 34 34 34 34 34 34 34 34 34 34 34 34 34 34 34 34 34 34 34 34 34 34 34 34 34 34 38 33 33 33 33 33 33 33 33 33 33
33 33 33 33 33 33 33 33 38 38 38 38 38 38 38 38 38 38 38 38 38 38 38 38 38 38 38 38 38 38 38 38 34 34 34 34 34 34 34 34 34 34 34 34 34 34 34 34 34 34 34 34 34 34 34 34 34 34 34 34 27 27 33 28 28 28 28 28 30 27 27 34 34 34 34 34 34 34 34 34 34 34 34 34 34 34 34 34 34 34 34 34 34 34 34 34 34 34 34 34 34 38 33 33 33 33 33 33 33 33 33 33
33 33 33 33 33 33 33 33 38 38 38 38 38 38 38 38 38 38 38 38 38 38 38 38 38 38 38 38 38 38 38 38 34 34 34 34 34 34 34 34 34 34 34 34 34 34 34 34 34 34 34 34 34 34 34 34 34 34 34 34 27 27 33 28 28 28 28 28 27 27 27 34 34 34 34 34 34 34 34 34 34 34 34 34 34 34 34 34 34 34 34 34 34 34 34 34 34 34 34 34 34 38 33 33 33 33 33 33 33 33 33 33
33 33 33 33 33 33 33 33 38 38 38 38 38 38 38 38 38 38 38 38 38 38 38 38 38 38 38 38 38 38 38 38 34 34 34 34 34 34 34 34 34 34 34 34 34 34 34 34 34 34 34 34 34 34 34 34 34 34 34 34 27 27 33 28 28 28 28 28 33 27 37 34 34 34 34 34 34 34 34 34 34 34 34 34 34 34 34 34 34 34 34 34 34 34 34 34 34 34 34 34 34 38 33 33 33 33 33 33 33 33 33 33
33 33 33 33 33 33 33 33 38 38 38 38 38 38 38 38 38 38 38 38 38 38 38 38 38 38 38 38 38 38 38 38 34 34 34 34 34 34 34 34 34 34 34 34 34 34 34 34 34 34 34 34 34 34 34 34 34 34 34 34 27 27 30 28 28 28 28 28 27 27 27 34 34 34 34 34 34 34 34 34 34 34 34 34 34 34 34 34 34 34 34 34 34 34 34 34 34 34 34 34 34 38 33 33 33 33 33 33 33 33 33 33
33 33 33 33 33 33 33 33 38 38 38 38 38 38 38 38 38 38 38 38 38 38 38 38 38 38 38 38 38 38 38 38 34 34 34 34 34 34 34 34 34 34 34 34 34 34 34 34 34 34 34 34 34 34 34 34 34 34 34 34 27 27 27 28 28 28 28 28 27 27 27 34 34 34 34 34 34 34 34 34 34 34 34 34 34 34 34 34 34 34 34 34 34 34 34 34 34 34 34 34 34 38 33 33 33 33 33 33 33 33 33 33
33 33 33 33 33 33 33 33 38 38 38 38 38 38 38 38 38 38 38 38 38 38 38 38 38 38 38 38 38 38 38 38 34 34 34 34 34 34 34 34 34 34 34 34 34 34 34 34 34 34 34 34 34 34 34 34 34 34 34 34 27 27 31 28 28 28 28 28 29 27 27 34 34 34 34 34 34 34 39 34 34 34 34 34 34 34 34 34 34 34 34 34 34 34 34 34 34 34 34 34 34 38 33 33 33 33 33 33 33 33 33 33
33 33 33 33 33 33 33 33 38 38 38 38 38 38 38 38 38 38 38 38 38 38 38 38 38 38 38 38 38 38 38 38 34 34 34 34 34 34 34 34 34 34 34 34 34 34 34 34 34 34 34 34 34 34 34 34 34 34 34 34 27 27 27 28 28 28 28 28 27 27 27 34 34 34 34 34 34 34 34 34 34 34 34 34 34 34 34 34 34 34 34 34 34 34 34 34 34 34 34 34 34 38 33 33 33 33 33 33 33 33 33 33
33 33 33 33 33 33 33 33 38 38 38 38 38 38 38 38 38 38 38 38 38 38 38 38 38 38 38 38 38 38 38 38 34 34 34 34 34 34 34 34 34 34 34 34 34 34 34 34 34 34 34 34 34 34 34 34 34 34 34 34 27 27 27 28 28 28 28 28 37 27 27 34 34 34 34 34 34 34 34 34 34 34 34 34 34 34 34 34 34 34 34 34 34 34 34 34 34 34 34 34 34 38 33 33 33 33 33 33 33 33 33 33
33 33 33 33 33 33 33 33 38 38 38 38 38 38 38 38 38 38 38 38 38 38 38 38 38 38 38 38 38 38 38 38 34 34 34 34 34 34 27 27 27 27 29 27 27 27 27 27 27 27 27 27 27 27 27 27 27 27 27 27 27 27 30 28 28 28 28 28 37 27 27 34 34 34 34 34 34 34 34 34 34 34 34 34 34 34 34 34 34 34 34 34 34 34 34 34 34 34 34 34 34 38 33 33 33 33 33 33 33 33 33 33
33 33 33 33 33 33 33 33 38 38 38 38 38 38 38 38 38 38 38 38 38 38 38 38 38 38 38 38 38 38 38 38 34 34 34 34 34 34 27 27 27 27 27 29 27 27 31 27 27 27 27 27 27 27 27 27 30 27 27 27 27 27 27 28 28 28 28 28 37 27 27 34 34 34 34 34 34 34 34 34 34 34 34 34 34 34 34 34 34 34 34 34 34 34 34 34 34 34 34 34 34 38 33 33 33 33 33 33 33 33 33 33
33 33 33 33 33 33 33 33 38 38 38 38 38 38 38 38 38 38 38 38 38 38 38 38 38 38 38 38 38 38 38 38 34 34 34 34 34 34 29 27 27 27 36 35 35 35 35 36 35 35 35 36 35 35 35 35 35 35 35 35 35 35 35 28 28 28 28 28 27 27 27 34 34 34 34 34 34 34 34 34 34 34 34 34 34 34 34 34 34 34 34 34 34 34 34 34 34 34 34 34 34 38 33 33 33 33 33 33 33 33 33 33
33 33 33 33 33 33 33 33 38 38 38 38 38 38 38 38 38 38 38 38 38 38 38 38 38 38 38 38 38 38 38 38 34 34 34 34 34 34 27 27 27 27 28 28 28 28 28 28 28 28 28 28 28 28 28 28 28 28 28 28 28 28 28 28 28 28 28 28 37 27 27 34 34 34 34 34 34 34 34 34 34 34 34 34 34 34 34 34 39 34 34 34 34 34 34 34 34 34 34 34 34 38 33 33 33 33 33 33 33 33 33 33
33 33 33 33 33 33 33 33 38 38 38 38 38 38 38 38 38 38 38 38 38 38 38 38 38 38 38 38 38 38 38 38 34 34 34 34 34 34 27 27 27 27 28 28 28 28 28 28 28 28 28 28 28 28 28 28 28 28 28 28 28 28 28 28 28 28 28 28 27 27 27 34 34 34 34 34 34 34 34 37 37 37 37 34 34 34 34 34 34 34 34 34 34 34 34 34 34 34 34 34 34 38 33 33 33 33 33 33 33 33 33 33
33 33 33 33 33 33 33 33 38 38 38 38 38 38 38 38 38 38 38 38 38 38 38 38 38 38 38 38 38 38 38 38 34 34 34 34 34 34 27 27 27 30 28 28 28 28 28 28 28 28 28 28 28 28 28 28 28 28 28 28 28 28 28 28 28 28 28 28 33 27 27 34 34 34 34 34 34 34 34 37 28 28 37 34 34 34 34 34 34 34 34 34 34 34 34 34 34 34 34 34 34 38 33 33 33 33 33 33 33 33 33 33
33 33 33 33 33 33 33 33 38 38 38 38 38 38 38 38 38 38 38 38 38 38 38 38 38 38 38 38 38 38 38 38 34 34 34 34 34 34 27 27 27 27 28 28 28 28 28 28 28 28 28 28 28 28 28 28 28 28 28 28 28 28 28 28 28 28 28 28 27 27 27 34 34 34 34 34 34 34 34 37 28 28 37 34 34 34 34 34 34 34 34 34 34 34 34 34 34 34 34 34 34 38 33 33 33 33 33 33 33 33 33 33
33 33 33 33 33 33 33 33 38 38 38 38 38 38 38 38 38 38 38 38 38 38 38 38 38 38 38 38 38 38 38 38 34 34 34 34 34 34 27 27 27 30 28 28 28 28 27 27 33 27 30 27 27 27 33 27 27 37 27 37 27 31 27 27 27 27 27 30 27 27 27 34 34 34 34 34 34 34 34 37 37 37 37 34 34 34 34 34 34 34 34 34 34 34 34 34 34 34 34 34 34 38 33 33 33 33 33 33 33 33 33 33
33 33 33 33 33 33 33 33 27 27 27 27 27 27 27 27 27 27 27 27 27 27 27 27 29 27 27 27 27 27 27 37 27 33 27 27 27 27 27 33 27 27 28 28 28 28 27 27 27 27 27 27 27 27 27 27 27 27 27 27 27 27 27 27 27 27 27 27 27 27 27 34 34 34 34 34 34 34 34 34 34 34 34 34 34 34 34 34 34 34 34 34 34 34 34 34 34 34 34 34 34 38 33 33 33 33 33 33 33 33 33 33
33 33 33 33 33 33 33 33 27 27 27 27 27 27 27 27 27 27 27 27 27 27 27 27 27 27 27 27 31 27 27 27 27 27 27 27 32 27 27 29 27 33 28 28 28 28 30 27 27 27 27 27 27 27 27 27 27 27 27 27 27 27 27 27 27 27 27 27 27 27 27 34 34 34 34 34 34 34 34 34 34 34 34 34 34 34 34 34 34 34 34 34 34 34 34 34 34 34 34 34 34 38 33 33 33 33 33 33 33 33 33 33
33 33 33 33 33 33 33 33 27 36 35 35 35 35 35 36 35 35 35 35 35 35 35 36 35 35 35 35 35 35 27 27 27 27 29 27 27 27 27 27 29 27 28 28 28 28 27 27 27 34 34 34 34 34 34 34 34 34 34 34 34 34 34 34 34 34 34 34 34 34 34 34 34 34 34 34 34 34 34 34 34 34 34 34 34 34 34 34 34 34 34 34 34 34 34 34 34 34 34 34 34 38 33 33 33 33 33 33 33 33 33 33
33 33 33 33 33 33 33 33 27 28 28 28 28 28 28 28 28 28 28 28 28 28 28 28 28 28 28 28 28 28 27 27 27 27 27 27 27 27 27 27 27 33 28 28 28 28 27 27 27 34 34 34 34 34 34 34 34 34 34 34 34 34 34 34 34 34 34 34 34 34 34 34 34 34 34 34 34 34 34 34 34 34 34 34 34 34 34 34 34 34 34 34 34 34 34 34 34 34 34 34 34 38 33 33 33 33 33 33 33 33 33 33
33 33 33 33 33 33 33 33 27 28 28 28 28 28 28 28 28 28 28 28 28 28 28 28 28 28 28 28 28 28 32 27 27 27 27 33 27 29 27 27 30 27 28 28 28 28 31 27 27 34 34 34 34 34 34 34 34 34 34 34 34 34 34 34 34 34 34 34 34 34 34 34 34 34 34 34 34 34 34 34 34 34 34 34 34 34 34 34 34 34 34 34 34 34 34 34 34 34 34 34 34 38 33 33 33 33 33 33 33 33 33 33
33 33 33 33 33 33 33 33 31 28 28 28 27 27 27 27 30 27 27 27 27 27 27 27 27 30 28 28 28 28 33 27 27 27 27 27 27 27 27 27 27 33 28 28 28 28 27 27 27 34 34 34 34 34 34 34 34 34 34 34 34 34 34 34 34 34 34 34 34 34 34 34 34 34 34 34 34 34 34 34 34 34 34 34 34 34 34 34 34 34 34 34 34 34 34 34 34 34 34 34 34 38 33 33 33 33 33 33 33 33 33 33
33 33 33 33 33 33 33 33 27 28 28 28 27 27 33 33 33 33 33 33 33 33 29 29 29 27 28 28 28 28 27 27 29 27 27 27 27 27 27 27 27 27 28 28 28 28 27 27 27 27 27 27 27 27 27 27 27 27 27 27 27 27 27 27 27 27 27 27 27 27 27 29 27 27 27 27 27 27 27 27 27 27 27 27 27 27 27 27 27 27 27 27 27 27 27 27 27 27 27 27 27 38 33 33 33 33 33 33 33 33 33 33
33 33 33 28 28 28 28 28 28 28 28 28 27 27 33 33 33 33 33 33 33 33 33 33 33 33 28 28 28 28 27 27 27 27 27 27 27 27 27 27 27 27 28 28 28 28 32 27 27 27 27 27 27 27 27 27 27 27 27 27 27 27 27 27 27 27 27 27 27 30 27 27 27 27 27 27 27 27 27 27 27 27 27 27 27 27 27 27 27 27 27 27 27 27 27 27 27 27 27 27 27 38 33 33 33 33 33 33 33 33 33 33
33 33 33 28 28 28 28 28 28 28 28 28 30 27 33 33 33 33 33 33 33 33 33 33 33 33 28 28 28 28 27 27 27 27 30 27 27 27 30 27 27 27 28 28 28 28 33 27 27 33 27 33 27 27 27 27 33 27 27 37 37 37 27 27 37 27 27 30 27 27 27 27 27 31 27 27 37 37 37 33 27 27 27 27 27 30 27 31 27 27 27 27 37 37 37 27 27 33 27 27 27 38 33 33 33 33 33 33 33 33 33 33
33 33 33 28 28 28 28 28 28 28 28 28 27 27 27 27 27 27 27 27 27 27 27 27 27 33 28 28 28 28 28 28 28 28 28 28 28 28 28 28 28 28 28 28 28 28 28 28 28 28 28 28 28 28 28 28 28 28 28 28 28 28 28 28 28 28 28 28 28 28 28 28 28 28 28 28 28 28 28 28 28 28 28 28 28 28 28 28 28 28 28 28 28 28 28 28 28 28 28 28 28 28 28 28 28 28 28 28 28 28 28 28
33 33 33 33 33 33 33 33 27 27 32 27 27 27 27 27 27 27 27 27 27 27 27 27 27 33 28 28 28 28 28 28 28 28 28 28 28 28 28 28 28 28 28 28 28 28 28 28 28 28 28 28 28 28 28 28 28 28 28 28 28 28 28 28 28 28 28 28 28 28 28 28 28 28 28 28 28 28 28 28 28 28 28 28 28 28 28 28 28 28 28 28 28 28 28 28 28 28 28 28 28 28 28 28 28 28 28 28 28 28 28 28
33 33 33 33 33 33 33 33 37 37 27 27 27 27 27 27 27 27 27 27 27 27 27 27 27 27 28 28 28 28 28 28 28 28 28 28 28 28 28 28 28 28 28 28 28 28 28 28 28 28 28 28 28 28 28 28 28 28 28 28 28 28 28 28 28 28 28 28 28 28 28 28 28 28 28 28 28 28 28 28 28 28 28 28 28 28 28 28 28 28 28 28 28 28 28 28 28 28 28 28 28 28 28 28 28 28 28 28 28 28 28 28
33 33 33 33 33 33 33 33 38 38 34 34 34 34 34 34 34 34 34 34 34 34 34 27 27 27 28 28 28 28 28 28 28 28 28 28 28 28 28 28 28 28 28 28 28 28 28 28 28 28 28 28 28 28 28 28 28 28 28 28 28 28 28 28 28 28 28 28 28 28 28 28 28 28 28 28 28 28 28 28 28 28 28 28 28 28 28 28 28 28 28 28 28 28 28 28 28 28 28 28 28 28 28 28 28 28 28 28 28 28 28 28
33 33 33 33 33 33 33 33 38 38 34 34 34 34 34 34 34 34 34 34 34 34 34 27 27 27 27 37 27 30 27 27 33 27 27 37 27 27 27 27 30 27 27 27 31 27 27 27 27 27 31 27 27 27 27 27 27 33 27 31 27 27 27 27 27 27 27 27 28 28 28 28 27 27 37 27 30 37 37 27 27 27 27 27 27 33 33 27 30 27 27 30 27 27 31 27 33 27 27 37 27 38 33 33 33 33 33 33 33 33 33 33
33 33 33 33 33 33 33 33 38 38 34 34 34 34 34 34 34 34 34 34 34 34 34 27 27 27 27 27 27 27 27 27 27 27 27 27 27 27 27 27 27 27 27 27 27 27 27 27 32 27 27 27 27 27 27 27 27 27 27 27 27 27 27 27 27 27 27 30 28 28 28 28 27 27 27 27 27 27 27 27 27 27 27 27 27 27 27 27 27 27 27 27 27 27 27 27 27 27 27 27 27 38 33 33 33 33 33 33 33 33 33 33
33 33 33 33 33 33 33 33 38 38 34 34 34 34 34 34 34 34 34 34 34 34 34 27 27 27 27 27 27 27 27 27 27 27 27 27 27 27 27 27 27 27 27 27 27 27 27 27 27 27 27 27 27 27 27 27 27 27 27 27 27 27 27 27 27 27 27 27 28 28 28 28 27 27 27 27 27 27 27 27 27 27 27 27 33 27 27 27 27 27 27 27 27 27 27 27 27 27 27 27 27 38 33 33 33 33 33 33 33 33 33 33
33 33 33 33 33 33 33 33 38 38 34 34 34 34 34 34 34 34 34 34 34 34 34 34 34 34 34 34 34 34 34 34 34 34 34 34 34 34 34 34 34 34 34 34 34 34 34 34 34 34 34 34 34 34 34 34 34 34 34 34 34 34 34 34 34 27 27 27 28 28 28 28 37 27 27 34 34 34 34 34 34 34 34 34 34 34 34 34 34 34 34 34 34 34 34 34 34 34 34 34 34 38 33 33 33 33 33 33 33 33 33 33
33 33 33 33 33 33 33 33 38 38 34 34 34 34 34 34 40 34 34 34 34 34 34 34 34 34 34 34 34 34 34 34 34 34 34 34 34 34 34 34 34 34 34 34 34 34 34 34 34 34 34 34 34 34 34 34 34 34 34 34 34 34 34 34 34 27 27 27 28 28 28 28 37 27 27 34 34 34 34 34 34 34 34 34 34 34 34 34 34 34 34 34 34 34 34 34 34 34 34 34 34 38 33 33 33 33 33 33 33 33 33 33
33 33 33 33 33 33 33 33 38 38 34 34 34 34 34 34 34 34 34 34 34 34 34 34 34 34 34 34 34 34 34 34 34 34 34 34 34 34 34 34 34 34 34 34 34 34 34 34 34 34 34 40 34 34 34 34 34 34 34 34 34 34 34 34 34 27 32 27 28 28 28 28 37 27 27 34 34 34 34 34 34 34 34 34 34 34 34 34 34 34 34 34 34 34 34 34 34 34 34 34 34 38 33 33 33 33 33 33 33 33 33 33
33 33 33 33 33 33 33 33 38 38 34 34 34 34 34 34 34 34 34 34 34 34 34 34 34 34 34 34 34 34 34 34 34 34 34 34 34 34 34 34 34 34 34 34 34 34 34 34 34 34 34 34 34 34 34 34 34 34 34 34 34 34 34 34 34 27 27 27 28 28 28 28 27 27 27 34 34 34 34 34 34 34 34 34 34 34 34 34 34 34 40 34 34 34 34 34 34 34 34 34 34 38 33 33 33 33 33 33 33 33 33 33
33 33 33 33 33 33 33 33 38 38 34 34 34 34 34 34 34 34 34 34 34 34 34 34 34 34 34 34 34 34 34 34 34 34 34 34 34 34 34 34 34 34 34 34 34 34 34 34 34 34 34 34 34 34 34 34 34 34 34 34 34 34 34 34 34 27 27 37 28 28 28 28 33 27 27 34 34 34 34 34 34 34 34 34 34 34 34 34 34 34 34 34 34 34 34 34 34 34 34 34 34 38 33 33 33 33 33 33 33 33 33 33
33 33 33 33 33 33 33 33 38 38 34 34 34 34 34 34 34 34 34 34 34 34 34 34 34 34 34 34 34 34 40 34 34 34 34 34 34 34 34 34 34 34 34 34 34 34 34 34 34 34 34 34 34 34 34 34 34 34 34 34 34 34 34 34 34 27 27 37 28 28 28 28 33 27 27 34 34 34 34 34 34 34 34 34 34 34 34 34 40 34 34 34 34 34 34 34 34 34 34 34 34 38 33 33 33 33 33 33 33 33 33 33
33 33 33 33 33 33 33 33 38 38 34 34 34 34 34 34 34 34 34 34 34 34 40 34 34 34 34 34 34 34 34 34 34 34 34 34 34 38 38 38 34 34 34 34 34 34 34 34 34 34 34 34 34 34 34 34 34 34 34 34 34 34 34 34 34 27 27 37 28 28 28 28 33 27 27 34 34 34 34 34 34 34 34 34 34 34 34 34 34 34 34 34 34 34 34 34 34 34 34 34 34 38 33 33 33 33 33 33 33 33 33 33
33 33 33 33 33 33 33 33 38 38 34 34 34 34 34 34 34 34 34 34 34 34 34 34 34 34 34 34 34 34 34 34 34 34 34 34 34 38 38 38 34 34 34 34 34 34 34 34 34 34 34 34 34 34 34 34 34 34 34 34 34 34 34 34 34 27 27 27 28 28 28 28 37 27 27 34 34 34 34 34 34 34 34 34 34 34 34 34 34 34 34 34 34 34 34 40 34 34 34 34 34 38 33 33 33 33 33 33 33 33 33 33
33 33 33 33 33 33 33 33 38 38 34 34 34 34 34 34 34 40 34 34 34 34 34 34 34 34 34 34 34 34 34 34 34 34 34 34 34 38 38 38 34 34 34 34 34 34 34 34 34 34 34 34 34 34 34 34 34 34 34 34 34 34 34 34 34 27 27 33 28 28 28 28 37 27 27 34 34 34 34 34 34 34 34 34 34 34 34 34 34 34 34 34 34 34 34 34 34 34 34 34 34 38 33 33 33 33 33 33 33 33 33 33
33 33 33 33 33 33 33 33 38 38 34 34 34 34 34 34 34 34 34 34 34 34 34 34 34 34 34 34 34 34 34 34 34 34 34 34 34 38 38 38 34 34 34 34 34 34 34 34 34 34 34 34 34 34 34 34 39 34 34 34 34 34 34 34 34 27 27 27 28 28 28 28 30 27 27 27 27 27 27 27 27 27 27 27 27 27 27 27 27 27 27 27 27 27 27 27 27 27 27 27 27 38 33 33 33 33 33 33 33 33 33 33
33 33 33 33 33 33 33 33 38 38 34 34 34 34 34 34 34 34 34 34 34 34 34 34 34 34 34 34 34 34 34 34 34 34 34 34 34 38 38 38 34 34 34 34 34 34 34 34 34 34 34 34 34 34 34 34 34 34 34 34 34 34 34 34 34 27 27 37 28 28 28 28 27 27 27 27 27 27 27 27 27 27 27 27 27 27 27 27 27 27 27 27 27 27 27 27 27 27 27 27 27 38 33 33 33 33 33 33 33 33 33 33
33 33 33 33 33 33 33 33 38 38 34 34 34 34 34 34 34 34 34 34 34 34 34 34 34 34 34 34 34 34 34 34 34 34 34 34 34 38 38 38 34 34 34 34 34 34 39 34 34 34 34 34 39 34 34 34 34 34 34 34 34 34 34 34 34 27 27 27 28 28 28 28 27 27 27 27 27 37 37 27 27 27 27 27 27 27 27 27 37 27 33 33 33 27 30 27 27 27 30 27 27 38 33 33 33 33 33 33 33 33 33 33
33 33 33 33 33 33 33 33 38 38 34 34 34 34 34 34 34 34 34 34 34 34 34 34 34 34 34 34 34 34 34 34 34 34 34 34 34 38 38 38 34 34 34 34 34 34 34 34 34 34 34 34 34 34 34 34 34 40 34 34 34 34 34 34 34 27 27 30 28 28 28 28 28 28 28 28 28 28 28 28 28 28 28 28 28 28 28 28 28 28 28 28 28 28 28 28 28 28 28 28 28 28 28 28 28 28 28 28 28 28 28 28
33 33 33 33 33 33 33 33 38 38 34 34 34 34 34 34 34 34 34 34 34 34 39 39 34 34 34 34 34 34 34 34 34 34 34 34 34 38 38 38 34 34 34 34 34 34 34 34 34 34 34 34 34 34 34 34 34 34 34 34 34 34 34 34 34 27 27 27 28 28 28 28 28 28 28 28 28 28 28 28 28 28 28 28 28 28 28 28 28 28 28 28 28 28 28 28 28 28 28 28 28 28 28 28 28 28 28 28 28 28 28 28
33 33 33 33 33 33 33 33 38 38 34 34 34 34 34 34 34 34 34 34 34 34 34 34 34 34 34 34 34 34 34 34 34 34 34 34 34 38 38 38 34 34 34 34 34 34 34 34 34 34 34 34 34 40 34 34 34 34 34 34 34 34 34 34 34 27 27 33 27 27 30 27 27 37 32 27 27 31 27 37 30 27 27 37 27 27 33 33 27 27 27 37 37 27 27 27 37 27 30 37 27 38 33 33 33 33 33 33 33 33 33 33
33 33 33 33 33 33 33 33 38 38 34 34 34 34 34 34 34 34 34 34 34 34 34 34 34 34 34 34 34 34 34 34 34 34 34 34 34 38 38 38 34 34 34 34 34 34 34 34 34 34 34 34 34 34 34 34 34 34 34 34 34 34 34 34 34 27 27 27 27 27 27 27 27 27 27 27 27 27 27 27 27 27 27 27 27 27 33 27 33 27 27 27 27 27 27 27 27 27 27 27 27 38 33 33 33 33 33 33 33 33 33 33
33 33 33 33 33 33 33 33 38 38 34 34 34 34 34 34 34 34 34 34 34 34 34 34 34 34 34 34 34 34 34 34 34 34 34 34 34 38 38 38 34 34 34 34 34 34 34 34 40 34 34 34 34 34 34 34 34 34 34 34 34 34 34 34 34 27 27 27 27 27 27 27 27 27 27 27 27 27 27 27 27 27 27 27 27 27 27 27 27 27 27 27 27 27 27 27 27 27 27 27 27 38 33 33 33 33 33 33 33 33 33 33
33 33 33 33 33 33 33 33 38 38 34 34 34 34 34 34 34 34 34 34 34 34 34 34 34 34 34 34 34 34 34 34 34 34 34 34 34 38 38 38 34 34 34 34 34 34 34 34 34 34 34 34 34 34 34 34 34 34 34 34 34 34 34 34 34 34 34 34 34 34 34 34 34 34 34 34 34 34 34 34 34 34 34 34 34 34 34 34 34 34 34 34 34 34 34 34 34 34 34 34 34 38 33 33 33 33 33 33 33 33 33 33
33 33 33 33 33 33 33 33 38 38 34 34 34 34 34 34 34 34 34 34 34 34 34 34 34 34 34 34 34 34 34 34 34 34 34 34 34 38 38 38 34 34 34 34 34 34 34 34 34 34 34 34 34 34 34 34 34 34 34 34 34 34 34 34 34 34 34 34 34 34 34 34 34 39 34 34 34 34 34 34 40 34 34 34 34 34 34 34 34 40 34 34 34 34 34 34 34 34 34 34 34 38 33 33 33 33 33 33 33 33 33 33
33 33 33 33 33 33 33 33 38 38 34 34 34 34 34 34 34 34 34 34 34 34 34 34 34 34 34 34 34 34 34 34 34 34 34 34 34 38 38 38 34 34 34 34 34 34 34 34 34 34 34 34 34 34 34 34 34 34 34 34 34 34 34 34 34 34 40 34 34 34 34 34 34 34 34 34 34 34 34 34 34 34 34 34 34 34 34 34 34 34 34 34 34 34 34 34 34 34 34 34 34 38 33 33 33 33 33 33 33 33 33 33
33 33 33 33 33 33 33 33 33 33 33 33 33 33 33 33 33 33 33 33 33 33 33 33 33 33 33 33 33 33 33 33 33 33 33 33 33 33 33 33 33 33 33 33 33 33 33 33 33 33 33 33 33 33 33 33 33 33 33 33 33 33 33 33 33 33 33 33 33 33 33 33 33 33 33 33 33 33 33 33 33 33 33 33 33 33 33 33 33 33 33 33 33 33 33 33 33 33 33 33 33 33 33 33 33 33 33 33 33 33 33 33
33 33 33 33 33 33 33 33 33 33 33 33 33 33 33 33 33 33 33 33 33 33 33 33 33 33 33 33 33 33 33 33 33 33 33 33 33 33 33 33 33 33 33 33 33 33 33 33 33 33 33 33 33 33 33 33 33 33 33 33 33 33 33 33 33 33 33 33 33 33 33 33 33 33 33 33 33 33 33 33 33 33 33 33 33 33 33 33 33 33 33 33 33 33 33 33 33 33 33 33 33 33 33 33 33 33 33 33 33 33 33 33
33 33 33 33 33 33 33 33 33 33 33 33 33 33 33 33 33 33 33 33 33 33 33 33 33 33 33 33 33 33 33 33 33 33 33 33 33 33 33 33 33 33 33 33 33 33 33 33 33 33 33 33 33 33 33 33 33 33 33 33 33 33 33 33 33 33 33 33 33 33 33 33 33 33 33 33 33 33 33 33 33 33 33 33 33 33 33 33 33 33 33 33 33 33 33 33 33 33 33 33 33 33 33 33 33 33 33 33 33 33 33 33
33 33 33 33 33 33 33 33 33 33 33 33 33 33 33 33 33 33 33 33 33 33 33 33 33 33 33 33 33 33 33 33 33 33 33 33 33 33 33 33 33 33 33 33 33 33 33 33 33 33 33 33 33 33 33 33 33 33 33 33 33 33 33 33 33 33 33 33 33 33 33 33 33 33 33 33 33 33 33 33 33 33 33 33 33 33 33 33 33 33 33 33 33 33 33 33 33 33 33 33 33 33 33 33 33 33 33 33 33 33 33 33
33 33 33 33 33 33 33 33 33 33 33 33 33 33 33 33 33 33 33 33 33 33 33 33 33 33 33 33 33 33 33 33 33 33 33 33 33 33 33 33 33 33 33 33 33 33 33 33 33 33 33 33 33 33 33 33 33 33 33 33 33 33 33 33 33 33 33 33 33 33 33 33 33 33 33 33 33 33 33 33 33 33 33 33 33 33 33 33 33 33 33 33 33 33 33 33 33 33 33 33 33 33 33 33 33 33 33 33 33 33 33 33
33 33 33 33 33 33 33 33 33 33 33 33 33 33 33 33 33 33 33 33 33 33 33 33 33 33 33 33 33 33 33 33 33 33 33 33 33 33 33 33 33 33 33 33 33 33 33 33 33 33 33 33 33 33 33 33 33 33 33 33 33 33 33 33 33 33 33 33 33 33 33 33 33 33 33 33 33 33 33 33 33 33 33 33 33 33 33 33 33 33 33 33 33 33 33 33 33 33 33 33 33 33 33 33 33 33 33 33 33 33 33 33